158 15 2802
56 15 2804
90 15 2804
4 15 2806
18 15 2815
76 15 2821
74 15 2826
146 15 2842
12 15 2842
195 15 2844
162 15 2845
102 15 2845
117 15 2849
197 15 2849
49 15 2851
81 15 2865
5 15 2866
119 15 2876
41 15 2877
160 15 2891
190 15 2902
175 15 2904
93 15 2905
129 15 2905
16 15 2905
88 15 2911
164 15 2911
6 15 2914
69 15 2931
123 15 2931
36 15 2932
187 15 2932
139 15 2935
145 15 2935
98 15 2941
108 15 2941
134 15 2941
94 15 2947
54 15 2956
79 15 2957
183 15 2957
73 15 2958
182 15 2967
125 15 2969
29 15 2970
174 15 2991
116 15 2993
155 15 2995
130 15 2999
109 16 2403
139 16 2408
70 16 2411
18 16 2420
2 16 2425
62 16 2427
184 16 2432
103 16 2432
125 16 2442
110 16 2445
157 16 2449
106 16 2461
120 16 2469
159 16 2470
164 16 2482
178 16 2487
118 16 2496
42 16 2502
76 16 2506
10 16 2506
154 16 2506
21 16 2511
26 16 2511
169 16 2518
89 16 2546
127 16 2550
167 16 2558
144 16 2560
197 16 2563
130 16 2566
27 16 2574
174 16 2578
96 16 2583
124 16 2586
180 16 2588
86 16 2597
40 16 2597
58 16 2599
27 17 2412
117 17 2414
191 17 2417
107 17 2434
112 17 2442
45 17 2443
69 17 2447
70 17 2452
58 17 2463
101 17 2474
34 17 2475
181 17 2494
130 17 2504
119 17 2508
13 17 2513
122 17 2526
108 17 2536
164 17 2545
184 17 2549
125 17 2557
42 17 2558
100 17 2560
133 17 2561
197 17 2569
23 17 2570
146 17 2573
83 17 2573
149 17 2578
162 17 2582
49 17 2582
37 17 2583
99 17 2584
131 17 2588
135 17 2588
22 17 2589
99 18 2800
135 18 2803
79 18 2804
82 18 2806
37 18 2809
51 18 2816
76 18 2831
156 18 2838
93 18 2838
54 18 2841
81 18 2845
142 18 2845
197 18 2849
83 18 2853
144 18 2855
161 18 2857
163 18 2878
125 18 2881
110 18 2884
151 18 2884
198 18 2898
112 18 2904
17 18 2916
52 18 2917
24 18 2918
70 18 2926
15 18 2926
60 18 2928
127 18 2929
63 18 2940
121 18 2941
101 18 2943
111 18 2947
78 18 2953
23 18 2953
122 18 2961
164 18 2967
190 18 2969
167 18 2969
168 18 2973
40 18 2976
139 18 2981
187 18 2983
38 18 2989
65 18 2989
36 19 2400
57 19 2400
49 19 2400
169 19 2410
55 19 2411
110 19 2412
111 19 2418
31 19 2424
80 19 2430
92 19 2431
19 19 2435
62 19 2439
104 19 2446
168 19 2450
190 19 2453
157 19 2464
55 19 2469
17 19 2483
156 19 2484
51 19 2484
172 19 2485
70 19 2486
100 19 2488
191 19 2498
95 19 2507
33 19 2512
48 19 2521
175 19 2525
57 19 2527
84 19 2532
81 19 2533
57 19 2539
41 19 2549
21 19 2555
185 19 2555
55 19 2561
67 19 2571
27 19 2575
96 19 2576
2 19 2585
49 19 2587
67 19 2587
175 19 2591
88 19 2593
31 19 2599
138 20 2406
38 20 2409
145 20 2421
47 20 2422
75 20 2422
153 20 2428
196 20 2428
26 20 2433
16 20 2469
40 20 2470
73 20 2472
89 20 2474
41 20 2480
103 20 2481
98 20 2491
120 20 2498
197 20 2503
66 20 2503
23 20 2520
5 20 2524
145 20 2540
5 20 2547
191 20 2557
124 20 2573
145 20 2575
86 20 2584
105 20 2597
52 21 2401
15 21 2411
98 21 2412
140 21 2412
187 21 2418
17 21 2423
80 21 2425
135 21 2435
59 21 2435
191 21 2452
35 21 2452
114 21 2457
163 21 2458
172 21 2469
40 21 2470
90 21 2474
168 21 2480
142 21 2483
120 21 2485
197 21 2485
96 21 2496
23 21 2499
132 21 2504
115 21 2509
25 21 2517
72 21 2518
32 21 2519
12 21 2520
79 21 2520
113 21 2521
119 21 2521
26 21 2524
71 21 2526
179 21 2530
107 21 2531
195 21 2533
137 21 2533
130 21 2548
182 21 2559
153 21 2560
143 21 2565
160 21 2567
159 21 2575
10 21 2586
30 21 2590
148 21 2590
97 21 2598
126 21 2598
0 21 2599
122 22 2400
147 22 2403
166 22 2403
81 22 2403
37 22 2406
150 22 2411
106 22 2411
126 22 2425
153 22 2425
70 22 2429
12 22 2429
159 22 2431
93 22 2435
198 22 2437
90 22 2437
137 22 2446
41 22 2454
54 22 2457
162 22 2464
157 22 2465
49 22 2473
114 22 2475
186 22 2488
128 22 2494
161 22 2495
47 22 2497
103 22 2497
108 22 2501
118 22 2511
6 22 2516
92 22 2541
160 22 2542
97 22 2545
40 22 2545
18 22 2561
123 22 2562
0 22 2563
26 22 2571
66 22 2575
14 22 2577
39 22 2582
172 22 2582
190 22 2590
112 22 2598
166 0 0
88 0 1
20 0 2
68 0 2
79 0 2
155 0 3
150 0 4
31 0 5
95 0 6
89 0 7
124 0 8
116 0 8
165 0 9
47 0 10
168 0 11
76 0 12
191 0 13
77 0 14
21 0 15
155 0 16
101 0 17
166 0 18
106 0 19
29 0 20
96 0 21
102 0 22
26 0 23
60 0 24
40 0 25
195 0 26
39 0 27
166 0 28
163 0 29
84 0 29
131 0 30
29 0 31
149 0 32
76 0 33
44 0 34
85 0 35
162 0 36
160 0 36
166 0 37
90 0 38
138 0 39
184 0 40
60 0 41
77 0 42
143 0 43
117 0 43
152 0 44
166 0 45
128 0 46
159 0 47
77 0 48
166 0 49
189 0 49
98 0 50
166 0 50
166 0 51
144 0 52
42 0 53
75 0 54
45 0 54
54 0 54
97 0 54
29 0 55
166 0 56
148 0 57
61 0 58
166 0 59
48 0 59
60 0 60
162 0 61
171 0 61
134 0 62
114 0 62
194 0 63
23 0 64
99 0 65
77 0 66
126 0 67
187 0 68
39 0 69
166 0 70
77 0 71
192 0 72
32 0 73
135 0 73
68 0 73
16 0 74
78 0 75
58 0 75
72 0 76
99 0 77
69 0 78
128 0 79
77 0 80
82 0 81
27 0 82
86 0 82
9 0 82
136 0 82
120 0 82
28 0 83
48 0 84
40 0 85
75 0 86
166 0 87
122 0 88
186 0 89
55 0 90
166 0 91
3 0 92
129 0 93
30 0 93
175 0 93
168 0 94
191 0 94
41 0 95
8 0 96
57 0 97
141 0 98
166 0 99
48 0 100
49 0 100
12 0 100
38 0 100
18 0 100
11 0 100
91 0 100
73 0 100
185 0 100
36 0 100
190 0 100
31 0 100
68 0 101
133 0 101
83 0 101
188 0 101
166 0 101
199 0 102
53 0 103
76 0 104
71 0 105
150 0 106
31 0 107
107 0 108
132 0 109
166 0 109
6 0 109
77 0 110
117 0 111
40 0 112
142 0 112
0 0 113
37 0 114
169 0 115
195 0 115
20 0 116
166 0 117
147 0 118
166 0 118
153 0 118
13 0 119
88 0 120
115 0 121
32 0 122
145 0 123
127 0 123
158 0 123
75 0 123
136 0 124
118 0 125
102 0 125
93 0 125
13 0 125
43 0 125
24 0 125
75 0 125
154 0 125
188 0 125
80 0 125
130 0 125
110 0 125
59 0 125
139 0 125
34 0 125
46 0 125
2 0 125
102 0 125
7 0 125
19 0 125
190 0 125
113 0 126
166 0 127
40 0 128
40 0 129
162 0 130
166 0 130
106 0 130
166 0 131
190 0 132
31 0 133
64 0 134
180 0 135
166 0 136
104 0 137
168 0 138
15 0 139
73 0 140
166 0 141
188 0 141
198 0 142
166 0 143
121 0 144
29 0 145
16 0 146
94 0 147
183 0 148
117 0 149
166 0 150
33 0 151
79 0 152
123 0 152
150 0 153
197 0 154
92 0 155
111 0 155
42 0 156
20 0 157
156 0 158
74 0 159
20 0 159
7 0 159
171 0 160
146 0 161
181 0 161
172 0 161
20 0 162
87 0 163
161 0 164
70 0 165
62 0 165
193 0 165
168 0 166
166 0 167
166 0 168
56 0 169
188 0 169
42 0 170
84 0 171
50 0 172
63 0 172
25 0 173
182 0 174
77 0 174
77 0 175
13 0 176
164 0 177
166 0 178
17 0 179
81 0 180
196 0 181
4 0 181
5 0 181
166 0 181
76 0 181
106 0 181
117 0 182
67 0 183
166 0 184
190 0 185
77 0 186
83 0 186
106 0 187
179 0 187
106 0 187
140 0 187
35 0 187
170 0 188
14 0 189
188 0 190
143 0 191
187 0 192
137 0 193
76 0 194
167 0 195
119 0 196
114 0 197
157 0 198
166 0 198
176 0 199
0 6 773
1 6 712
2 6 743
3 6 716
4 6 763
5 6 785
6 6 724
7 6 762
8 6 794
9 6 773
10 6 799
11 6 672
12 6 695
13 6 649
14 6 695
15 6 733
16 6 655
17 6 622
18 6 702
19 6 780
20 6 668
21 6 734
22 6 796
23 6 613
24 6 728
25 6 700
26 6 672
27 6 648
28 6 769
29 6 622
30 6 633
31 6 694
32 6 746
33 6 645
34 6 658
35 6 626
36 6 799
37 6 707
38 6 672
39 6 799
40 6 667
41 6 730
42 6 773
43 6 695
44 6 636
45 6 682
46 6 767
47 6 615
48 6 628
49 6 773
50 6 764
51 6 643
52 6 773
53 6 671
54 6 778
55 6 773
56 6 737
57 6 655
58 6 773
59 6 683
60 6 749
61 6 655
62 6 767
63 6 635
64 6 753
65 6 779
66 6 608
67 6 655
68 6 734
69 6 773
70 6 708
71 6 655
72 6 609
73 6 693
74 6 760
75 6 607
76 6 798
77 6 773
78 6 792
79 6 655
80 6 787
81 6 698
82 6 699
83 6 665
84 6 622
85 6 736
86 6 629
87 6 773
88 6 763
89 6 622
90 6 684
91 6 606
92 6 618
93 6 794
94 6 768
95 6 634
96 6 786
97 6 719
98 6 605
99 6 665
100 6 709
101 6 776
102 6 689
103 6 722
104 6 793
105 6 679
106 6 641
107 6 655
108 6 647
109 6 773
110 6 659
111 6 640
112 6 687
113 6 632
114 6 622
115 6 793
116 6 663
117 6 632
118 6 655
119 6 616
120 6 725
121 6 758
122 6 799
123 6 798
124 6 674
125 6 682
126 6 789
127 6 699
128 6 687
129 6 632
130 6 767
131 6 666
132 6 720
133 6 699
134 6 652
135 6 773
136 6 771
137 6 740
138 6 602
139 6 794
140 6 722
141 6 773
142 6 755
143 6 672
144 6 620
145 6 601
146 6 773
147 6 622
148 6 777
149 6 773
150 6 745
151 6 717
152 6 797
153 6 655
154 6 721
155 6 686
156 6 711
157 6 687
158 6 728
159 6 699
160 6 697
161 6 798
162 6 637
163 6 754
164 6 710
165 6 711
166 6 792
167 6 654
168 6 622
169 6 673
170 6 701
171 6 687
172 6 691
173 6 696
174 6 622
175 6 648
176 6 687
177 6 622
178 6 610
179 6 624
180 6 623
181 6 614
182 6 729
183 6 738
184 6 743
185 6 622
186 6 761
187 6 638
188 6 677
189 6 732
190 6 657
191 6 622
192 6 727
193 6 711
194 6 799
195 6 781
196 6 646
197 6 731
198 6 672
199 6 713
0 4 367
1 4 336
1 4 266
2 4 311
2 4 239
3 4 234
3 4 221
3 4 241
4 4 349
5 4 295
5 4 349
5 4 308
6 4 338
6 4 215
7 4 341
7 4 354
7 4 264
8 4 246
9 4 226
9 4 293
9 4 327
10 4 336
11 4 291
12 4 265
13 4 241
13 4 302
16 4 283
16 4 213
17 4 269
18 4 224
20 4 303
20 4 253
21 4 248
21 4 349
22 4 388
22 4 201
24 4 241
24 4 235
24 4 313
25 4 289
25 4 239
25 4 305
26 4 329
30 4 222
31 4 370
31 4 213
32 4 219
32 4 351
32 4 340
33 4 250
33 4 352
33 4 353
34 4 325
34 4 222
35 4 213
37 4 300
39 4 323
41 4 265
42 4 256
42 4 239
43 4 277
43 4 210
43 4 292
44 4 250
45 4 305
48 4 349
48 4 399
49 4 290
49 4 247
50 4 236
50 4 332
52 4 205
53 4 220
53 4 286
54 4 305
54 4 349
54 4 263
56 4 265
56 4 390
56 4 399
57 4 343
57 4 349
58 4 374
58 4 378
58 4 272
61 4 278
61 4 259
61 4 372
62 4 379
63 4 330
63 4 319
63 4 365
64 4 217
64 4 273
64 4 259
65 4 396
65 4 300
66 4 350
66 4 243
69 4 314
69 4 239
70 4 322
70 4 395
72 4 359
75 4 377
75 4 362
75 4 357
76 4 372
76 4 220
77 4 202
77 4 208
78 4 244
79 4 320
80 4 290
81 4 239
81 4 203
82 4 384
82 4 298
85 4 256
86 4 274
86 4 239
86 4 297
87 4 363
88 4 380
88 4 214
90 4 233
92 4 237
93 4 331
94 4 392
96 4 312
96 4 315
97 4 391
98 4 268
98 4 292
98 4 376
99 4 280
99 4 239
100 4 251
100 4 301
100 4 238
103 4 370
105 4 390
105 4 342
105 4 347
107 4 228
107 4 341
110 4 220
111 4 331
112 4 382
113 4 248
113 4 213
113 4 353
114 4 348
114 4 247
115 4 323
115 4 361
116 4 275
117 4 212
117 4 379
117 4 288
119 4 355
120 4 301
121 4 270
121 4 232
123 4 307
123 4 375
123 4 397
124 4 200
124 4 252
125 4 368
125 4 218
126 4 278
129 4 204
131 4 386
131 4 297
131 4 335
134 4 207
134 4 313
134 4 336
135 4 309
136 4 331
137 4 341
138 4 333
139 4 298
139 4 337
139 4 222
140 4 349
141 4 381
142 4 349
142 4 312
142 4 296
145 4 356
145 4 389
145 4 255
146 4 273
147 4 399
148 4 213
149 4 300
149 4 240
149 4 398
150 4 231
151 4 301
152 4 399
152 4 206
153 4 383
153 4 316
155 4 254
155 4 385
156 4 371
157 4 384
157 4 230
158 4 315
159 4 260
159 4 305
161 4 394
162 4 387
162 4 353
162 4 316
164 4 267
164 4 345
164 4 387
166 4 271
166 4 294
167 4 399
167 4 227
167 4 347
168 4 245
169 4 278
169 4 318
170 4 344
172 4 313
172 4 310
173 4 203
175 4 216
175 4 306
175 4 281
176 4 321
178 4 364
178 4 321
179 4 373
180 4 213
180 4 353
183 4 222
184 4 285
185 4 325
185 4 305
186 4 299
187 4 207
187 4 239
187 4 305
189 4 282
189 4 278
189 4 258
190 4 373
190 4 220
190 4 261
191 4 279
192 4 353
194 4 304
194 4 391
194 4 321
195 4 324
195 4 223
196 4 236
196 4 369
197 4 222
197 4 265
197 4 242
198 4 381
199 4 222
199 4 222
199 4 236
0 5 515
0 5 443
1 5 506
1 5 440
1 5 431
2 5 556
2 5 415
2 5 505
3 5 564
4 5 506
4 5 569
4 5 589
5 5 519
5 5 420
5 5 561
6 5 558
6 5 515
6 5 458
7 5 591
7 5 533
9 5 495
9 5 587
10 5 524
11 5 411
11 5 441
11 5 493
12 5 489
12 5 416
13 5 482
13 5 536
14 5 528
14 5 454
15 5 407
16 5 542
16 5 401
17 5 486
17 5 496
18 5 432
20 5 508
20 5 481
20 5 487
21 5 420
22 5 505
22 5 406
22 5 459
23 5 461
23 5 479
24 5 515
25 5 508
26 5 555
27 5 555
27 5 505
27 5 525
28 5 514
28 5 464
32 5 587
32 5 535
33 5 486
33 5 594
34 5 405
35 5 574
36 5 580
37 5 582
39 5 551
40 5 523
40 5 566
41 5 424
41 5 400
41 5 476
42 5 463
42 5 540
43 5 483
43 5 450
44 5 514
45 5 505
45 5 419
46 5 508
46 5 449
46 5 505
47 5 458
47 5 529
48 5 513
48 5 524
49 5 515
51 5 477
51 5 593
52 5 592
53 5 465
54 5 528
54 5 514
55 5 525
55 5 445
55 5 525
56 5 403
57 5 486
57 5 417
58 5 577
58 5 482
59 5 429
59 5 462
59 5 457
60 5 510
60 5 515
60 5 539
61 5 457
61 5 473
62 5 467
62 5 447
63 5 459
64 5 545
64 5 568
66 5 554
67 5 552
67 5 412
68 5 515
69 5 514
69 5 494
69 5 590
71 5 485
71 5 468
73 5 459
75 5 405
76 5 405
77 5 465
77 5 418
77 5 469
78 5 556
78 5 544
79 5 509
81 5 541
84 5 595
85 5 485
87 5 502
87 5 568
88 5 401
88 5 455
90 5 575
90 5 420
92 5 421
92 5 492
92 5 534
93 5 505
93 5 472
94 5 482
94 5 548
96 5 560
96 5 587
97 5 435
97 5 522
98 5 500
98 5 515
98 5 587
101 5 452
102 5 401
102 5 482
103 5 517
105 5 454
105 5 504
106 5 534
107 5 555
109 5 525
109 5 508
109 5 422
110 5 576
111 5 403
112 5 598
113 5 454
113 5 401
113 5 599
114 5 515
114 5 457
115 5 559
116 5 404
118 5 434
119 5 475
119 5 579
120 5 405
120 5 580
123 5 434
123 5 470
124 5 510
125 5 588
125 5 568
125 5 568
127 5 459
127 5 568
127 5 531
129 5 578
129 5 567
130 5 402
131 5 437
131 5 514
132 5 543
132 5 459
132 5 521
134 5 474
134 5 515
135 5 408
136 5 499
136 5 490
136 5 448
137 5 562
137 5 549
138 5 532
138 5 556
139 5 505
140 5 583
140 5 442
141 5 546
143 5 460
143 5 485
143 5 414
144 5 420
144 5 525
144 5 439
145 5 459
146 5 433
146 5 531
146 5 440
147 5 511
147 5 458
150 5 463
150 5 454
150 5 587
151 5 505
152 5 499
152 5 565
152 5 423
154 5 427
154 5 514
154 5 587
155 5 515
155 5 403
156 5 498
156 5 526
157 5 508
159 5 587
159 5 589
160 5 568
160 5 586
161 5 425
162 5 538
162 5 436
162 5 584
163 5 525
164 5 480
164 5 401
164 5 570
165 5 459
165 5 400
166 5 428
166 5 405
166 5 410
167 5 451
167 5 454
167 5 482
169 5 568
170 5 440
171 5 495
171 5 525
172 5 568
175 5 499
178 5 505
178 5 585
178 5 527
180 5 486
180 5 584
180 5 478
181 5 505
181 5 417
181 5 518
182 5 557
183 5 459
183 5 491
183 5 508
184 5 568
185 5 456
186 5 409
186 5 506
186 5 427
187 5 568
188 5 546
191 5 444
192 5 419
192 5 596
192 5 531
194 5 528
194 5 514
196 5 483
196 5 505
197 5 430
197 5 597
198 5 553
198 5 453
199 5 501
42 1 1400
87 1 1401
175 1 1401
152 1 1401
59 1 1402
74 1 1403
55 1 1404
75 1 1405
127 1 1406
158 1 1406
153 1 1406
13 1 1407
30 1 1407
167 1 1407
115 1 1408
104 1 1409
130 1 1410
146 1 1411
38 1 1412
106 1 1413
118 1 1414
146 1 1414
87 1 1415
115 1 1416
69 1 1417
54 1 1418
63 1 1418
143 1 1418
112 1 1418
171 1 1418
79 1 1419
160 1 1419
6 1 1419
55 1 1420
28 1 1421
90 1 1422
108 1 1423
32 1 1424
173 1 1425
183 1 1426
86 1 1427
13 1 1428
30 1 1428
87 1 1428
146 1 1428
56 1 1428
103 1 1428
42 1 1428
160 1 1428
86 1 1429
58 1 1430
163 1 1431
79 1 1432
79 1 1433
9 1 1434
73 1 1435
79 1 1436
39 1 1437
62 1 1438
104 1 1439
178 1 1440
96 1 1441
160 1 1442
81 1 1442
117 1 1443
173 1 1444
64 1 1445
161 1 1446
36 1 1446
58 1 1447
128 1 1448
160 1 1448
199 1 1448
87 1 1448
87 1 1448
155 1 1449
93 1 1450
30 1 1451
180 1 1451
41 1 1451
134 1 1452
118 1 1453
17 1 1454
114 1 1455
146 1 1455
182 1 1456
104 1 1456
187 1 1456
107 1 1456
117 1 1456
137 1 1456
160 1 1456
160 1 1456
122 1 1457
173 1 1458
87 1 1459
162 1 1460
145 1 1461
173 1 1462
146 1 1463
165 1 1463
135 1 1464
99 1 1465
160 1 1465
10 1 1466
181 1 1467
60 1 1467
23 1 1467
87 1 1467
87 1 1467
22 1 1468
181 1 1469
111 1 1469
53 1 1469
87 1 1470
173 1 1471
55 1 1472
131 1 1472
19 1 1472
159 1 1473
71 1 1473
68 1 1474
29 1 1475
33 1 1476
106 1 1477
99 1 1478
133 1 1479
176 1 1480
131 1 1481
91 1 1482
26 1 1482
37 1 1483
130 1 1484
21 1 1485
34 1 1486
85 1 1487
104 1 1488
55 1 1489
30 1 1489
87 1 1490
118 1 1491
119 1 1492
149 1 1493
147 1 1494
32 1 1495
91 1 1496
129 1 1497
106 1 1498
181 1 1499
173 1 1499
29 1 1499
79 1 1499
151 1 1499
14 1 1499
43 1 1499
87 1 1499
89 1 1499
104 1 1499
173 1 1500
160 1 1500
157 1 1501
31 1 1501
66 1 1501
5 1 1502
53 1 1502
2 1 1502
177 1 1502
169 1 1503
118 1 1504
104 1 1505
59 1 1506
57 1 1507
172 1 1508
131 1 1509
113 1 1509
184 1 1509
141 1 1510
173 1 1510
104 1 1511
90 1 1512
11 1 1513
3 1 1514
181 1 1514
160 1 1514
35 1 1515
79 1 1516
61 1 1517
87 1 1518
94 1 1519
161 1 1520
138 1 1521
51 1 1522
144 1 1522
110 1 1523
104 1 1524
173 1 1525
50 1 1525
24 1 1526
196 1 1527
181 1 1528
105 1 1529
76 1 1529
118 1 1530
0 1 1531
79 1 1531
104 1 1531
40 1 1532
77 1 1533
99 1 1534
146 1 1535
104 1 1536
134 1 1537
52 1 1537
166 1 1537
191 1 1538
5 1 1539
20 1 1540
173 1 1541
115 1 1541
47 1 1541
84 1 1541
145 1 1541
106 1 1541
54 1 1541
185 1 1541
170 1 1541
46 1 1542
87 1 1542
191 1 1543
49 1 1544
44 1 1545
173 1 1546
15 1 1547
160 1 1548
32 1 1549
82 1 1549
61 1 1550
97 1 1551
109 1 1552
173 1 1552
95 1 1553
79 1 1554
72 1 1555
133 1 1556
173 1 1557
32 1 1558
92 1 1559
55 1 1559
118 1 1559
130 1 1560
177 1 1561
1 1 1562
192 1 1563
29 1 1564
125 1 1564
87 1 1565
190 1 1566
191 1 1566
12 1 1566
181 1 1567
79 1 1568
104 1 1569
88 1 1570
5 1 1570
198 1 1570
92 1 1571
55 1 1572
181 1 1573
16 1 1574
78 1 1575
54 1 1576
118 1 1577
133 1 1578
87 1 1578
133 1 1578
82 1 1579
29 1 1580
65 1 1580
144 1 1581
87 1 1582
67 1 1582
168 1 1582
133 1 1582
133 1 1583
193 1 1584
102 1 1584
113 1 1585
125 1 1586
124 1 1586
147 1 1587
30 1 1588
87 1 1589
79 1 1590
17 1 1591
99 1 1592
173 1 1593
116 1 1594
188 1 1595
118 1 1596
136 1 1597
177 1 1598
150 1 1599
0 8 2322
0 8 2253
0 8 2285
1 8 2221
1 8 2306
2 8 2238
2 8 2238
2 8 2260
2 8 2386
2 8 2334
2 8 2368
2 8 2262
2 8 2399
3 8 2299
4 8 2276
4 8 2301
4 8 2221
5 8 2211
6 8 2376
7 8 2219
7 8 2254
7 8 2203
8 8 2335
9 8 2312
9 8 2376
10 8 2214
11 8 2242
12 8 2247
13 8 2339
14 8 2262
15 8 2271
16 8 2217
16 8 2301
17 8 2265
18 8 2260
19 8 2392
20 8 2227
21 8 2260
21 8 2316
22 8 2229
22 8 2364
23 8 2281
23 8 2331
24 8 2242
25 8 2308
26 8 2238
27 8 2364
28 8 2345
28 8 2261
29 8 2238
30 8 2351
31 8 2211
31 8 2212
32 8 2315
32 8 2211
33 8 2351
33 8 2387
33 8 2377
33 8 2376
33 8 2236
33 8 2260
33 8 2367
34 8 2260
35 8 2245
36 8 2260
37 8 2287
38 8 2388
38 8 2238
39 8 2210
40 8 2318
41 8 2340
41 8 2218
41 8 2262
41 8 2221
41 8 2399
42 8 2263
43 8 2261
43 8 2398
43 8 2262
43 8 2238
43 8 2238
43 8 2399
43 8 2302
44 8 2370
44 8 2210
44 8 2316
45 8 2277
45 8 2304
45 8 2238
45 8 2349
45 8 2301
45 8 2208
45 8 2264
46 8 2374
47 8 2218
47 8 2282
48 8 2238
49 8 2265
49 8 2347
50 8 2346
50 8 2321
51 8 2318
52 8 2290
52 8 2399
53 8 2388
54 8 2209
55 8 2211
56 8 2205
56 8 2232
56 8 2279
57 8 2276
58 8 2383
59 8 2223
59 8 2267
59 8 2312
59 8 2324
60 8 2327
60 8 2235
60 8 2365
60 8 2362
61 8 2234
61 8 2272
62 8 2391
63 8 2218
64 8 2294
65 8 2363
66 8 2238
66 8 2376
67 8 2373
68 8 2238
69 8 2251
70 8 2384
71 8 2344
72 8 2200
73 8 2325
74 8 2267
75 8 2382
76 8 2276
76 8 2238
76 8 2358
77 8 2352
78 8 2356
79 8 2262
79 8 2276
79 8 2329
80 8 2221
81 8 2218
81 8 2336
81 8 2273
82 8 2375
82 8 2385
83 8 2260
84 8 2391
84 8 2355
85 8 2260
86 8 2202
87 8 2238
88 8 2360
89 8 2398
90 8 2224
90 8 2241
91 8 2380
92 8 2260
93 8 2275
94 8 2253
95 8 2323
96 8 2276
97 8 2238
98 8 2293
98 8 2313
98 8 2225
98 8 2204
98 8 2395
98 8 2369
98 8 2363
99 8 2292
100 8 2364
101 8 2289
102 8 2270
103 8 2381
103 8 2376
103 8 2230
103 8 2238
104 8 2206
105 8 2238
106 8 2273
107 8 2213
108 8 2310
108 8 2238
109 8 2330
109 8 2376
110 8 2393
111 8 2257
112 8 2254
113 8 2260
114 8 2258
115 8 2254
116 8 2284
117 8 2350
118 8 2260
119 8 2260
119 8 2355
119 8 2238
119 8 2376
119 8 2357
119 8 2307
119 8 2312
119 8 2300
119 8 2389
119 8 2262
119 8 2328
119 8 2276
119 8 2390
119 8 2268
119 8 2231
119 8 2369
119 8 2276
119 8 2395
119 8 2238
119 8 2376
119 8 2269
119 8 2363
120 8 2238
121 8 2377
122 8 2244
123 8 2288
124 8 2351
125 8 2238
126 8 2301
127 8 2238
128 8 2327
129 8 2249
130 8 2291
131 8 2238
132 8 2397
133 8 2348
134 8 2305
135 8 2378
136 8 2358
137 8 2238
138 8 2238
138 8 2207
139 8 2238
140 8 2280
141 8 2250
141 8 2218
141 8 2376
142 8 2248
142 8 2376
142 8 2395
142 8 2238
142 8 2275
142 8 2376
142 8 2211
142 8 2276
143 8 2376
144 8 2275
145 8 2366
146 8 2357
147 8 2252
148 8 2359
149 8 2379
149 8 2216
150 8 2324
150 8 2262
150 8 2255
150 8 2298
150 8 2333
150 8 2311
150 8 2253
150 8 2260
150 8 2398
150 8 2274
150 8 2237
151 8 2262
152 8 2246
152 8 2354
152 8 2376
152 8 2367
152 8 2382
152 8 2337
152 8 2327
152 8 2358
152 8 2262
152 8 2260
152 8 2260
152 8 2283
153 8 2275
154 8 2340
154 8 2342
154 8 2355
154 8 2262
154 8 2253
154 8 2320
154 8 2260
154 8 2396
154 8 2376
154 8 2256
154 8 2326
154 8 2334
154 8 2233
154 8 2395
154 8 2260
154 8 2260
154 8 2260
154 8 2372
154 8 2260
154 8 2375
154 8 2228
155 8 2238
155 8 2201
155 8 2260
155 8 2361
156 8 2333
157 8 2240
157 8 2237
158 8 2259
159 8 2364
159 8 2314
160 8 2343
160 8 2324
161 8 2296
162 8 2376
162 8 2319
163 8 2324
164 8 2253
164 8 2275
165 8 2276
166 8 2226
167 8 2332
168 8 2357
168 8 2218
168 8 2317
168 8 2276
168 8 2238
168 8 2238
169 8 2340
169 8 2286
170 8 2301
170 8 2218
171 8 2238
171 8 2371
172 8 2295
172 8 2243
173 8 2204
174 8 2340
175 8 2351
176 8 2212
176 8 2253
177 8 2367
178 8 2222
179 8 2230
180 8 2260
180 8 2239
181 8 2341
181 8 2220
181 8 2263
181 8 2266
181 8 2297
182 8 2353
183 8 2303
184 8 2322
185 8 2215
186 8 2364
186 8 2383
187 8 2212
188 8 2338
189 8 2309
190 8 2339
191 8 2340
192 8 2255
193 8 2358
194 8 2277
195 8 2273
196 8 2295
197 8 2376
198 8 2364
199 8 2394
301 16 2401
380 16 2401
286 16 2401
360 16 2401
253 16 2411
249 16 2415
207 16 2416
215 16 2416
232 16 2421
395 16 2421
222 16 2427
277 16 2435
228 16 2442
329 16 2443
389 16 2445
317 16 2445
350 16 2446
230 16 2453
268 16 2464
256 16 2465
218 16 2465
250 16 2465
290 16 2475
210 16 2477
263 16 2482
318 16 2482
345 16 2484
303 16 2484
315 16 2486
294 16 2488
352 16 2498
323 16 2510
374 16 2517
334 16 2519
244 16 2520
333 16 2523
247 16 2532
261 16 2541
237 16 2543
385 16 2550
326 16 2551
226 16 2552
362 16 2553
204 16 2554
394 16 2554
351 16 2556
271 16 2559
363 16 2565
240 16 2579
353 16 2587
310 16 2591
295 16 2596
200 6 768
201 6 688
202 6 705
203 6 778
204 6 793
205 6 671
206 6 674
207 6 677
208 6 640
209 6 794
210 6 678
211 6 693
212 6 773
213 6 627
214 6 681
215 6 618
216 6 631
217 6 653
218 6 608
219 6 708
220 6 645
221 6 626
222 6 677
223 6 793
224 6 739
225 6 647
226 6 707
227 6 729
228 6 690
229 6 677
230 6 730
231 6 638
232 6 614
233 6 746
234 6 770
235 6 639
236 6 618
237 6 651
238 6 677
239 6 750
240 6 660
241 6 691
242 6 718
243 6 794
244 6 789
245 6 783
246 6 619
247 6 702
248 6 695
249 6 664
250 6 675
251 6 758
252 6 700
253 6 650
254 6 716
255 6 684
256 6 765
257 6 627
258 6 677
259 6 689
260 6 610
261 6 618
262 6 657
263 6 627
264 6 608
265 6 615
266 6 786
267 6 733
268 6 677
269 6 667
270 6 677
271 6 618
272 6 786
273 6 605
274 6 751
275 6 735
276 6 618
277 6 629
278 6 677
279 6 697
280 6 769
281 6 759
282 6 783
283 6 708
284 6 659
285 6 758
286 6 607
287 6 739
288 6 618
289 6 677
290 6 762
291 6 724
292 6 787
293 6 782
294 6 752
295 6 693
296 6 648
297 6 791
298 6 677
299 6 740
300 6 706
301 6 790
302 6 764
303 6 677
304 6 761
305 6 744
306 6 699
307 6 783
308 6 745
309 6 641
310 6 774
311 6 746
312 6 685
313 6 652
314 6 742
315 6 717
316 6 775
317 6 740
318 6 782
319 6 718
320 6 655
321 6 618
322 6 650
323 6 696
324 6 669
325 6 713
326 6 714
327 6 720
328 6 694
329 6 664
330 6 616
331 6 611
332 6 783
333 6 721
334 6 796
335 6 646
336 6 606
337 6 627
338 6 776
339 6 746
340 6 661
341 6 698
342 6 666
343 6 618
344 6 641
345 6 652
346 6 773
347 6 758
348 6 767
349 6 603
350 6 662
351 6 766
352 6 798
353 6 751
354 6 751
355 6 652
356 6 659
357 6 716
358 6 743
359 6 701
360 6 772
361 6 617
362 6 683
363 6 677
364 6 663
365 6 608
366 6 649
367 6 748
368 6 739
369 6 652
370 6 709
371 6 680
372 6 677
373 6 781
374 6 624
375 6 734
376 6 739
377 6 634
378 6 723
379 6 783
380 6 792
381 6 739
382 6 612
383 6 784
384 6 751
385 6 636
386 6 620
387 6 670
388 6 735
389 6 705
390 6 749
391 6 758
392 6 666
393 6 788
394 6 720
395 6 785
396 6 728
397 6 751
398 6 696
399 6 630
428 16 2400
582 16 2402
567 16 2407
461 16 2408
577 16 2418
401 16 2419
568 16 2420
555 16 2422
598 16 2423
541 16 2425
544 16 2437
534 16 2442
520 16 2446
547 16 2464
576 16 2467
416 16 2470
423 16 2471
528 16 2474
586 16 2490
479 16 2493
518 16 2496
456 16 2496
578 16 2500
532 16 2508
478 16 2516
422 16 2530
404 16 2536
462 16 2536
549 16 2538
492 16 2538
517 16 2544
543 16 2547
437 16 2550
432 16 2551
535 16 2557
514 16 2563
507 16 2590
421 16 2593
565 16 2599
400 6 825
401 6 847
402 6 884
403 6 983
404 6 857
405 6 864
406 6 981
407 6 911
408 6 923
409 6 874
410 6 967
411 6 876
412 6 836
413 6 936
414 6 997
415 6 859
416 6 857
417 6 842
418 6 944
419 6 912
420 6 948
421 6 998
422 6 954
423 6 845
424 6 819
425 6 941
426 6 885
427 6 922
428 6 832
429 6 996
430 6 893
431 6 807
432 6 958
433 6 814
434 6 866
435 6 866
436 6 982
437 6 963
438 6 808
439 6 875
440 6 963
441 6 985
442 6 957
443 6 998
444 6 846
445 6 815
446 6 819
447 6 966
448 6 956
449 6 887
450 6 943
451 6 816
452 6 951
453 6 854
454 6 825
455 6 905
456 6 972
457 6 994
458 6 931
459 6 803
460 6 938
461 6 911
462 6 967
463 6 981
464 6 802
465 6 894
466 6 961
467 6 946
468 6 897
469 6 819
470 6 871
471 6 837
472 6 981
473 6 953
474 6 969
475 6 833
476 6 852
477 6 854
478 6 882
479 6 911
480 6 819
481 6 898
482 6 930
483 6 960
484 6 848
485 6 835
486 6 915
487 6 802
488 6 910
489 6 807
490 6 899
491 6 937
492 6 942
493 6 857
494 6 908
495 6 883
496 6 935
497 6 973
498 6 975
499 6 826
500 6 980
501 6 985
502 6 841
503 6 813
504 6 853
505 6 830
506 6 807
507 6 998
508 6 877
509 6 825
510 6 981
511 6 807
512 6 839
513 6 945
514 6 972
515 6 825
516 6 801
517 6 826
518 6 998
519 6 970
520 6 866
521 6 858
522 6 877
523 6 981
524 6 804
525 6 831
526 6 983
527 6 911
528 6 862
529 6 890
530 6 825
531 6 912
532 6 983
533 6 807
534 6 870
535 6 900
536 6 995
537 6 957
538 6 883
539 6 869
540 6 825
541 6 991
542 6 817
543 6 840
544 6 969
545 6 892
546 6 843
547 6 850
548 6 857
549 6 960
550 6 983
551 6 998
552 6 849
553 6 972
554 6 976
555 6 865
556 6 826
557 6 989
558 6 957
559 6 800
560 6 988
561 6 949
562 6 868
563 6 942
564 6 878
565 6 916
566 6 984
567 6 874
568 6 969
569 6 983
570 6 956
571 6 998
572 6 900
573 6 889
574 6 996
575 6 824
576 6 982
577 6 961
578 6 955
579 6 929
580 6 809
581 6 863
582 6 821
583 6 879
584 6 963
585 6 914
586 6 925
587 6 872
588 6 978
589 6 807
590 6 877
591 6 803
592 6 921
593 6 920
594 6 874
595 6 983
596 6 860
597 6 985
598 6 891
599 6 917
629 16 2404
609 16 2407
798 16 2408
797 16 2408
759 16 2411
761 16 2412
735 16 2429
623 16 2431
670 16 2431
790 16 2438
615 16 2440
689 16 2441
724 16 2441
613 16 2450
624 16 2453
696 16 2455
783 16 2461
718 16 2471
778 16 2472
606 16 2478
752 16 2478
659 16 2480
640 16 2494
757 16 2498
780 16 2506
678 16 2513
712 16 2518
687 16 2520
701 16 2524
632 16 2533
664 16 2544
674 16 2558
672 16 2569
793 16 2569
728 16 2577
794 16 2586
767 16 2593
750 16 2593
600 7 905
601 7 814
602 7 930
603 7 913
604 7 878
605 7 847
606 7 928
607 7 999
608 7 849
609 7 842
610 7 841
611 7 827
612 7 965
613 7 992
614 7 988
615 7 851
616 7 897
617 7 897
618 7 921
619 7 980
620 7 977
621 7 848
622 7 820
623 7 878
624 7 993
625 7 883
626 7 889
627 7 859
628 7 805
629 7 981
630 7 927
631 7 863
632 7 808
633 7 927
634 7 904
635 7 987
636 7 852
637 7 918
638 7 924
639 7 830
640 7 934
641 7 927
642 7 959
643 7 803
644 7 960
645 7 991
646 7 894
647 7 858
648 7 873
649 7 820
650 7 815
651 7 929
652 7 840
653 7 986
654 7 933
655 7 835
656 7 894
657 7 995
658 7 896
659 7 914
660 7 897
661 7 907
662 7 976
663 7 967
664 7 993
665 7 905
666 7 987
667 7 965
668 7 875
669 7 916
670 7 939
671 7 903
672 7 883
673 7 900
674 7 884
675 7 910
676 7 927
677 7 838
678 7 867
679 7 880
680 7 972
681 7 881
682 7 820
683 7 886
684 7 890
685 7 984
686 7 817
687 7 803
688 7 872
689 7 927
690 7 868
691 7 936
692 7 965
693 7 813
694 7 803
695 7 991
696 7 998
697 7 916
698 7 877
699 7 911
700 7 876
701 7 886
702 7 853
703 7 851
704 7 834
705 7 828
706 7 942
707 7 896
708 7 885
709 7 836
710 7 991
711 7 985
712 7 896
713 7 928
714 7 820
715 7 927
716 7 958
717 7 927
718 7 896
719 7 844
720 7 859
721 7 900
722 7 988
723 7 820
724 7 980
725 7 885
726 7 953
727 7 854
728 7 896
729 7 967
730 7 994
731 7 897
732 7 862
733 7 848
734 7 842
735 7 800
736 7 909
737 7 837
738 7 897
739 7 996
740 7 984
741 7 897
742 7 843
743 7 896
744 7 908
745 7 860
746 7 883
747 7 934
748 7 889
749 7 905
750 7 811
751 7 945
752 7 967
753 7 896
754 7 821
755 7 964
756 7 806
757 7 977
758 7 909
759 7 914
760 7 842
761 7 878
762 7 966
763 7 886
764 7 956
765 7 820
766 7 833
767 7 882
768 7 807
769 7 851
770 7 907
771 7 979
772 7 957
773 7 974
774 7 914
775 7 923
776 7 909
777 7 889
778 7 951
779 7 819
780 7 891
781 7 997
782 7 820
783 7 970
784 7 896
785 7 845
786 7 963
787 7 874
788 7 883
789 7 820
790 7 983
791 7 883
792 7 883
793 7 973
794 7 824
795 7 927
796 7 896
797 7 991
798 7 905
799 7 969
865 16 2401
937 16 2402
983 16 2412
877 16 2421
904 16 2421
975 16 2422
944 16 2427
847 16 2430
903 16 2441
802 16 2442
961 16 2443
929 16 2449
809 16 2454
843 16 2456
894 16 2467
938 16 2474
808 16 2483
873 16 2486
992 16 2492
957 16 2495
831 16 2495
952 16 2496
897 16 2501
880 16 2510
976 16 2517
858 16 2521
932 16 2544
928 16 2545
822 16 2559
859 16 2566
900 16 2572
978 16 2576
836 16 2585
921 16 2587
800 7 1140
801 7 1185
802 7 1145
803 7 1169
804 7 1126
805 7 1080
806 7 1113
807 7 1005
808 7 1048
809 7 1121
810 7 1032
811 7 1195
812 7 1051
813 7 1046
814 7 1113
815 7 1116
816 7 1173
817 7 1084
818 7 1165
819 7 1047
820 7 1137
821 7 1061
822 7 1002
823 7 1021
824 7 1131
825 7 1111
826 7 1181
827 7 1125
828 7 1012
829 7 1012
830 7 1173
831 7 1073
832 7 1189
833 7 1175
834 7 1110
835 7 1191
836 7 1034
837 7 1167
838 7 1166
839 7 1006
840 7 1041
841 7 1091
842 7 1065
843 7 1113
844 7 1006
845 7 1091
846 7 1047
847 7 1173
848 7 1131
849 7 1000
850 7 1152
851 7 1194
852 7 1012
853 7 1045
854 7 1155
855 7 1198
856 7 1057
857 7 1089
858 7 1059
859 7 1137
860 7 1012
861 7 1019
862 7 1113
863 7 1098
864 7 1039
865 7 1053
866 7 1091
867 7 1187
868 7 1131
869 7 1091
870 7 1054
871 7 1078
872 7 1009
873 7 1164
874 7 1094
875 7 1131
876 7 1143
877 7 1085
878 7 1138
879 7 1068
880 7 1190
881 7 1122
882 7 1090
883 7 1193
884 7 1077
885 7 1127
886 7 1099
887 7 1066
888 7 1174
889 7 1055
890 7 1056
891 7 1030
892 7 1011
893 7 1113
894 7 1052
895 7 1043
896 7 1163
897 7 1011
898 7 1020
899 7 1170
900 7 1012
901 7 1081
902 7 1132
903 7 1183
904 7 1060
905 7 1138
906 7 1191
907 7 1196
908 7 1001
909 7 1128
910 7 1158
911 7 1012
912 7 1113
913 7 1192
914 7 1157
915 7 1166
916 7 1012
917 7 1087
918 7 1047
919 7 1102
920 7 1138
921 7 1098
922 7 1131
923 7 1093
924 7 1184
925 7 1119
926 7 1104
927 7 1012
928 7 1148
929 7 1076
930 7 1023
931 7 1197
932 7 1113
933 7 1149
934 7 1012
935 7 1083
936 7 1024
937 7 1096
938 7 1107
939 7 1063
940 7 1049
941 7 1012
942 7 1089
943 7 1058
944 7 1155
945 7 1025
946 7 1046
947 7 1147
948 7 1133
949 7 1120
950 7 1113
951 7 1131
952 7 1086
953 7 1128
954 7 1105
955 7 1012
956 7 1027
957 7 1013
958 7 1012
959 7 1120
960 7 1012
961 7 1108
962 7 1012
963 7 1100
964 7 1131
965 7 1150
966 7 1069
967 7 1035
968 7 1144
969 7 1059
970 7 1026
971 7 1115
972 7 1176
973 7 1178
974 7 1038
975 7 1089
976 7 1038
977 7 1098
978 7 1007
979 7 1153
980 7 1006
981 7 1017
982 7 1079
983 7 1167
984 7 1012
985 7 1003
986 7 1012
987 7 1020
988 7 1173
989 7 1020
990 7 1074
991 7 1173
992 7 1012
993 7 1091
994 7 1014
995 7 1155
996 7 1040
997 7 1071
998 7 1012
999 7 1018
1004 16 2400
1131 16 2401
1008 16 2415
1077 16 2425
1175 16 2429
1176 16 2432
1048 16 2437
1093 16 2438
1138 16 2443
1140 16 2445
1046 16 2448
1100 16 2453
1121 16 2460
1040 16 2460
1185 16 2462
1187 16 2464
1109 16 2473
1026 16 2482
1089 16 2489
1111 16 2492
1136 16 2500
1014 16 2506
1179 16 2509
1144 16 2511
1181 16 2526
1165 16 2527
1090 16 2527
1193 16 2536
1027 16 2537
1115 16 2552
1011 16 2556
1031 16 2556
1010 16 2558
1149 16 2558
1001 16 2562
1052 16 2578
1170 16 2588
1123 16 2589
1044 16 2592
1224 26 2426
1331 26 2427
1276 26 2436
1243 26 2437
1259 26 2440
1351 26 2445
1303 26 2460
1277 26 2462
1279 26 2462
1288 26 2462
1289 26 2473
1362 26 2475
1345 26 2475
1383 26 2481
1254 26 2482
1367 26 2483
1340 26 2488
1299 26 2492
1275 26 2494
1225 26 2496
1213 26 2504
1330 26 2514
1212 26 2523
1302 26 2524
1229 26 2542
1314 26 2542
1341 26 2543
1202 26 2553
1370 26 2554
1287 26 2556
1278 26 2574
1342 26 2577
1297 26 2579
1227 26 2584
1207 26 2589
1399 26 2592
1317 15 2808
1316 15 2814
1278 15 2829
1330 15 2836
1399 15 2851
1241 15 2854
1294 15 2856
1354 15 2859
1325 15 2870
1357 15 2874
1227 15 2882
1225 15 2888
1283 15 2891
1277 15 2897
1207 15 2899
1243 15 2901
1329 15 2903
1214 15 2912
1352 15 2916
1276 15 2916
1231 15 2930
1309 15 2938
1338 15 2941
1250 15 2950
1274 15 2954
1373 15 2957
1394 15 2958
1221 15 2972
1378 15 2984
1372 15 2984
1292 15 2988
1200 2 171
1201 2 161
1202 2 79
1203 2 139
1204 2 153
1205 2 104
1206 2 36
1207 2 150
1208 2 78
1209 2 125
1210 2 174
1211 2 123
1212 2 178
1213 2 92
1214 2 91
1215 2 171
1216 2 161
1217 2 77
1218 2 69
1219 2 114
1220 2 105
1221 2 39
1222 2 167
1223 2 41
1224 2 21
1225 2 25
1226 2 28
1227 2 161
1228 2 10
1229 2 143
1230 2 31
1231 2 2
1232 2 42
1233 2 127
1234 2 85
1235 2 82
1236 2 14
1237 2 155
1238 2 149
1239 2 117
1240 2 171
1241 2 191
1242 2 161
1243 2 1
1244 2 175
1245 2 173
1246 2 18
1247 2 161
1248 2 162
1249 2 54
1250 2 75
1251 2 78
1252 2 86
1253 2 5
1254 2 87
1255 2 18
1256 2 75
1257 2 18
1258 2 140
1259 2 128
1260 2 19
1261 2 151
1262 2 52
1263 2 179
1264 2 0
1265 2 89
1266 2 105
1267 2 30
1268 2 80
1269 2 18
1270 2 138
1271 2 157
1272 2 94
1273 2 100
1274 2 26
1275 2 147
1276 2 161
1277 2 180
1278 2 124
1279 2 171
1280 2 149
1281 2 179
1282 2 3
1283 2 115
1284 2 144
1285 2 102
1286 2 81
1287 2 149
1288 2 18
1289 2 171
1290 2 171
1291 2 46
1292 2 129
1293 2 158
1294 2 90
1295 2 79
1296 2 33
1297 2 149
1298 2 180
1299 2 113
1300 2 121
1301 2 161
1302 2 75
1303 2 190
1304 2 84
1305 2 43
1306 2 149
1307 2 75
1308 2 172
1309 2 171
1310 2 79
1311 2 149
1312 2 5
1313 2 70
1314 2 129
1315 2 79
1316 2 139
1317 2 6
1318 2 132
1319 2 127
1320 2 29
1321 2 110
1322 2 161
1323 2 4
1324 2 68
1325 2 45
1326 2 58
1327 2 11
1328 2 159
1329 2 194
1330 2 119
1331 2 105
1332 2 63
1333 2 184
1334 2 101
1335 2 111
1336 2 69
1337 2 7
1338 2 177
1339 2 145
1340 2 170
1341 2 179
1342 2 73
1343 2 187
1344 2 161
1345 2 18
1346 2 47
1347 2 178
1348 2 76
1349 2 193
1350 2 35
1351 2 184
1352 2 178
1353 2 104
1354 2 105
1355 2 161
1356 2 53
1357 2 37
1358 2 66
1359 2 68
1360 2 178
1361 2 79
1362 2 129
1363 2 57
1364 2 139
1365 2 75
1366 2 35
1367 2 195
1368 2 75
1369 2 105
1370 2 192
1371 2 15
1372 2 18
1373 2 75
1374 2 105
1375 2 102
1376 2 34
1377 2 68
1378 2 169
1379 2 85
1380 2 129
1381 2 153
1382 2 173
1383 2 129
1384 2 20
1385 2 106
1386 2 156
1387 2 56
1388 2 129
1389 2 138
1390 2 194
1391 2 59
1392 2 67
1393 2 8
1394 2 18
1395 2 180
1396 2 75
1397 2 49
1398 2 108
1399 2 42
1200 3 92
1201 3 151
1201 3 152
1202 3 49
1203 3 175
1204 3 27
1205 3 151
1206 3 85
1206 3 152
1207 3 152
1207 3 12
1208 3 152
1208 3 152
1209 3 37
1210 3 151
1210 3 94
1210 3 147
1211 3 152
1212 3 25
1213 3 152
1213 3 31
1214 3 170
1215 3 126
1216 3 133
1217 3 142
1218 3 193
1218 3 70
1219 3 123
1220 3 170
1221 3 122
1221 3 178
1222 3 152
1223 3 185
1224 3 45
1225 3 103
1226 3 151
1226 3 151
1226 3 113
1227 3 122
1228 3 139
1229 3 126
1230 3 170
1231 3 152
1231 3 87
1232 3 168
1232 3 151
1232 3 69
1232 3 65
1232 3 165
1232 3 172
1232 3 151
1232 3 137
1232 3 122
1232 3 141
1232 3 133
1232 3 61
1232 3 1
1233 3 74
1234 3 151
1235 3 152
1236 3 55
1237 3 159
1238 3 126
1239 3 23
1239 3 37
1240 3 33
1241 3 197
1242 3 139
1242 3 115
1243 3 176
1244 3 37
1245 3 3
1246 3 143
1247 3 118
1248 3 72
1249 3 126
1250 3 152
1250 3 91
1250 3 12
1250 3 152
1251 3 162
1252 3 21
1253 3 24
1253 3 41
1254 3 172
1255 3 6
1256 3 162
1257 3 126
1258 3 72
1259 3 23
1259 3 152
1260 3 183
1261 3 164
1262 3 122
1263 3 199
1264 3 60
1265 3 126
1265 3 24
1266 3 100
1267 3 88
1268 3 118
1269 3 47
1270 3 157
1271 3 120
1272 3 190
1273 3 25
1273 3 118
1274 3 118
1275 3 151
1276 3 89
1276 3 98
1276 3 26
1277 3 142
1278 3 151
1279 3 79
1279 3 11
1280 3 152
1280 3 151
1280 3 108
1281 3 155
1282 3 67
1283 3 151
1284 3 174
1285 3 32
1286 3 119
1286 3 54
1286 3 151
1286 3 65
1287 3 76
1288 3 106
1289 3 170
1290 3 19
1290 3 179
1290 3 151
1291 3 194
1291 3 90
1291 3 86
1291 3 9
1292 3 72
1293 3 151
1293 3 22
1294 3 37
1295 3 186
1296 3 8
1296 3 42
1297 3 80
1298 3 9
1299 3 111
1299 3 122
1299 3 62
1300 3 17
1301 3 145
1302 3 112
1303 3 81
1304 3 50
1304 3 180
1305 3 77
1306 3 152
1307 3 149
1308 3 158
1308 3 66
1308 3 151
1309 3 140
1310 3 60
1311 3 122
1312 3 185
1312 3 185
1313 3 138
1314 3 23
1315 3 171
1316 3 127
1317 3 129
1318 3 28
1318 3 20
1319 3 18
1320 3 152
1321 3 152
1321 3 190
1321 3 152
1321 3 188
1321 3 162
1321 3 151
1321 3 12
1321 3 139
1321 3 176
1321 3 167
1321 3 151
1321 3 134
1322 3 152
1323 3 58
1324 3 122
1325 3 37
1326 3 152
1326 3 182
1326 3 95
1327 3 124
1327 3 13
1327 3 173
1327 3 151
1327 3 7
1327 3 14
1328 3 77
1328 3 77
1328 3 152
1329 3 46
1330 3 146
1330 3 151
1330 3 70
1330 3 193
1330 3 189
1331 3 131
1332 3 52
1333 3 10
1334 3 175
1335 3 181
1335 3 152
1335 3 135
1336 3 152
1337 3 107
1337 3 151
1338 3 60
1339 3 5
1340 3 161
1341 3 125
1342 3 126
1343 3 151
1344 3 44
1345 3 152
1346 3 122
1347 3 152
1348 3 22
1349 3 83
1350 3 151
1351 3 96
1352 3 122
1353 3 167
1353 3 177
1353 3 196
1354 3 152
1355 3 152
1356 3 4
1356 3 175
1356 3 195
1356 3 66
1356 3 56
1356 3 148
1356 3 75
1357 3 73
1358 3 126
1358 3 24
1359 3 34
1360 3 152
1360 3 85
1361 3 193
1361 3 196
1362 3 117
1362 3 130
1362 3 102
1362 3 132
1362 3 150
1362 3 152
1362 3 43
1363 3 37
1364 3 151
1365 3 187
1365 3 144
1365 3 37
1366 3 174
1367 3 125
1368 3 70
1369 3 152
1370 3 122
1371 3 122
1372 3 151
1372 3 152
1372 3 122
1372 3 152
1372 3 53
1372 3 35
1372 3 156
1373 3 122
1373 3 62
1374 3 153
1375 3 0
1376 3 192
1377 3 60
1378 3 151
1379 3 175
1379 3 126
1380 3 64
1381 3 152
1382 3 152
1383 3 2
1384 3 24
1385 3 99
1386 3 29
1387 3 126
1388 3 168
1389 3 185
1390 3 105
1390 3 122
1390 3 37
1391 3 163
1391 3 151
1391 3 126
1391 3 74
1391 3 37
1392 3 152
1393 3 151
1394 3 60
1395 3 116
1396 3 36
1397 3 152
1397 3 136
1398 3 126
1398 3 152
1399 3 101
1399 3 16
1399 3 193
1399 3 48
1342 10 1800
1311 10 1801
1265 10 1802
1296 10 1803
1255 10 1804
1226 10 1805
1229 10 1806
1342 10 1807
1322 10 1808
1367 10 1809
1259 10 1810
1212 10 1811
1394 10 1812
1266 10 1813
1371 10 1814
1216 10 1815
1289 10 1816
1289 10 1817
1214 10 1818
1268 10 1819
1205 10 1820
1374 10 1821
1306 10 1822
1303 10 1823
1364 10 1824
1209 10 1825
1286 10 1826
1214 10 1827
1219 10 1828
1341 10 1829
1308 10 1830
1379 10 1831
1344 10 1832
1308 10 1833
1260 10 1834
1247 10 1835
1339 10 1836
1329 10 1837
1368 10 1838
1384 10 1839
1211 10 1840
1209 10 1841
1323 10 1842
1347 10 1843
1213 10 1844
1261 10 1845
1223 10 1846
1335 10 1847
1281 10 1848
1381 10 1849
1316 10 1850
1362 10 1851
1301 10 1852
1224 10 1853
1315 10 1854
1391 10 1855
1300 10 1856
1280 10 1857
1286 10 1858
1399 10 1859
1314 10 1860
1338 10 1861
1218 10 1862
1321 10 1863
1373 10 1864
1311 10 1865
1326 10 1866
1350 10 1867
1227 10 1868
1339 10 1869
1383 10 1870
1286 10 1871
1232 10 1872
1244 10 1873
1250 10 1874
1370 10 1875
1236 10 1876
1399 10 1877
1369 10 1878
1307 10 1879
1210 10 1880
1356 10 1881
1230 10 1882
1389 10 1883
1345 10 1884
1325 10 1885
1273 10 1886
1243 10 1887
1348 10 1888
1236 10 1889
1312 10 1890
1209 10 1891
1364 10 1892
1302 10 1893
1269 10 1894
1225 10 1895
1360 10 1896
1257 10 1897
1236 10 1898
1396 10 1899
1270 10 1900
1331 10 1901
1327 10 1902
1249 10 1903
1346 10 1904
1239 10 1905
1238 10 1906
1284 10 1907
1364 10 1908
1378 10 1909
1279 10 1910
1339 10 1911
1363 10 1912
1209 10 1913
1358 10 1914
1309 10 1915
1286 10 1916
1313 10 1917
1392 10 1918
1226 10 1919
1342 10 1920
1230 10 1921
1377 10 1922
1332 10 1923
1227 10 1924
1267 10 1925
1251 10 1926
1254 10 1927
1318 10 1928
1365 10 1929
1317 10 1930
1217 10 1931
1230 10 1932
1350 10 1933
1292 10 1934
1248 10 1935
1336 10 1936
1214 10 1937
1351 10 1938
1388 10 1939
1250 10 1940
1337 10 1941
1277 10 1942
1253 10 1943
1274 10 1944
1238 10 1945
1236 10 1946
1221 10 1947
1209 10 1948
1201 10 1949
1313 10 1950
1264 10 1951
1204 10 1952
1311 10 1953
1339 10 1954
1276 10 1955
1333 10 1956
1313 10 1957
1361 10 1958
1353 10 1959
1305 10 1960
1246 10 1961
1328 10 1962
1275 10 1963
1236 10 1964
1343 10 1965
1298 10 1966
1220 10 1967
1397 10 1968
1231 10 1969
1299 10 1970
1366 10 1971
1382 10 1972
1359 10 1973
1246 10 1974
1286 10 1975
1291 10 1976
1203 10 1977
1209 10 1978
1304 10 1979
1200 10 1980
1237 10 1981
1290 10 1982
1228 10 1983
1215 10 1984
1313 10 1985
1393 10 1986
1236 10 1987
1294 10 1988
1355 10 1989
1252 10 1990
1311 10 1991
1285 10 1992
1202 10 1993
1380 10 1994
1280 10 1995
1256 10 1996
1270 10 1997
1357 10 1998
1209 10 1999
1200 11 1490
1201 11 1438
1202 11 1456
1202 11 1490
1203 11 1426
1204 11 1490
1205 11 1429
1205 11 1589
1206 11 1454
1207 11 1503
1208 11 1475
1208 11 1589
1209 11 1464
1210 11 1518
1210 11 1490
1210 11 1426
1210 11 1495
1210 11 1589
1210 11 1490
1210 11 1508
1210 11 1435
1210 11 1442
1210 11 1466
1210 11 1528
1210 11 1490
1210 11 1576
1210 11 1528
1210 11 1533
1211 11 1461
1211 11 1513
1212 11 1439
1212 11 1495
1213 11 1537
1214 11 1593
1214 11 1585
1215 11 1501
1215 11 1584
1216 11 1442
1217 11 1551
1218 11 1422
1219 11 1437
1220 11 1475
1220 11 1490
1220 11 1530
1221 11 1521
1222 11 1490
1222 11 1421
1223 11 1577
1224 11 1411
1224 11 1427
1224 11 1412
1224 11 1582
1224 11 1490
1224 11 1475
1224 11 1490
1224 11 1507
1224 11 1523
1225 11 1490
1226 11 1490
1227 11 1424
1227 11 1591
1227 11 1509
1227 11 1417
1227 11 1463
1227 11 1418
1227 11 1520
1227 11 1591
1227 11 1490
1227 11 1486
1228 11 1488
1228 11 1442
1228 11 1490
1228 11 1535
1228 11 1490
1228 11 1413
1228 11 1574
1228 11 1490
1228 11 1467
1228 11 1572
1228 11 1490
1229 11 1490
1230 11 1460
1231 11 1400
1232 11 1550
1233 11 1406
1234 11 1490
1235 11 1490
1235 11 1522
1235 11 1468
1235 11 1505
1235 11 1421
1235 11 1454
1236 11 1451
1237 11 1514
1238 11 1490
1239 11 1433
1240 11 1578
1240 11 1464
1240 11 1447
1240 11 1507
1241 11 1574
1242 11 1416
1243 11 1490
1244 11 1426
1244 11 1599
1244 11 1494
1244 11 1443
1244 11 1490
1244 11 1490
1244 11 1589
1244 11 1490
1244 11 1490
1244 11 1531
1244 11 1526
1244 11 1552
1245 11 1577
1246 11 1597
1247 11 1426
1248 11 1539
1249 11 1459
1249 11 1565
1250 11 1586
1251 11 1491
1252 11 1490
1252 11 1487
1253 11 1504
1253 11 1437
1253 11 1532
1254 11 1490
1255 11 1473
1256 11 1407
1257 11 1495
1257 11 1490
1258 11 1490
1259 11 1471
1259 11 1413
1260 11 1529
1261 11 1490
1261 11 1589
1261 11 1499
1261 11 1427
1261 11 1452
1261 11 1427
1261 11 1437
1261 11 1479
1261 11 1490
1261 11 1590
1261 11 1580
1261 11 1495
1262 11 1471
1262 11 1538
1262 11 1490
1263 11 1417
1264 11 1517
1265 11 1515
1266 11 1442
1267 11 1465
1268 11 1598
1269 11 1519
1269 11 1444
1269 11 1495
1269 11 1450
1269 11 1425
1270 11 1424
1271 11 1431
1272 11 1587
1273 11 1507
1273 11 1518
1273 11 1472
1273 11 1490
1274 11 1543
1275 11 1492
1276 11 1535
1277 11 1540
1278 11 1445
1278 11 1487
1279 11 1414
1280 11 1430
1281 11 1596
1282 11 1490
1283 11 1487
1284 11 1560
1284 11 1599
1284 11 1460
1284 11 1569
1284 11 1559
1285 11 1475
1286 11 1549
1286 11 1531
1286 11 1419
1286 11 1453
1286 11 1477
1286 11 1434
1286 11 1482
1287 11 1524
1288 11 1426
1289 11 1442
1290 11 1518
1291 11 1555
1292 11 1555
1293 11 1588
1294 11 1563
1295 11 1423
1296 11 1469
1297 11 1479
1298 11 1474
1299 11 1470
1300 11 1469
1301 11 1405
1302 11 1449
1303 11 1511
1304 11 1507
1305 11 1454
1306 11 1480
1307 11 1542
1308 11 1495
1309 11 1527
1310 11 1478
1310 11 1466
1310 11 1490
1310 11 1487
1310 11 1546
1310 11 1471
1310 11 1496
1310 11 1490
1310 11 1592
1310 11 1522
1310 11 1454
1310 11 1476
1311 11 1581
1312 11 1460
1313 11 1529
1314 11 1507
1314 11 1599
1314 11 1469
1314 11 1522
1314 11 1404
1314 11 1574
1314 11 1535
1314 11 1490
1314 11 1583
1314 11 1490
1314 11 1567
1314 11 1458
1314 11 1507
1314 11 1463
1314 11 1406
1314 11 1573
1314 11 1518
1314 11 1530
1314 11 1490
1314 11 1462
1314 11 1408
1314 11 1417
1315 11 1483
1316 11 1490
1317 11 1444
1318 11 1460
1318 11 1493
1318 11 1485
1319 11 1497
1320 11 1518
1321 11 1490
1322 11 1400
1322 11 1507
1323 11 1415
1324 11 1594
1324 11 1579
1324 11 1557
1324 11 1507
1324 11 1484
1324 11 1490
1325 11 1506
1326 11 1432
1327 11 1538
1327 11 1571
1327 11 1536
1328 11 1490
1329 11 1555
1330 11 1490
1331 11 1507
1331 11 1575
1331 11 1447
1331 11 1490
1332 11 1561
1332 11 1558
1332 11 1578
1333 11 1455
1333 11 1490
1333 11 1454
1333 11 1403
1333 11 1544
1333 11 1556
1333 11 1502
1333 11 1490
1334 11 1489
1334 11 1568
1335 11 1481
1335 11 1490
1336 11 1479
1337 11 1447
1337 11 1490
1337 11 1487
1338 11 1426
1339 11 1506
1340 11 1599
1341 11 1466
1341 11 1452
1342 11 1586
1343 11 1566
1343 11 1447
1343 11 1479
1343 11 1471
1343 11 1531
1343 11 1457
1344 11 1436
1345 11 1589
1345 11 1510
1346 11 1426
1346 11 1426
1347 11 1448
1347 11 1541
1348 11 1547
1349 11 1409
1349 11 1410
1349 11 1490
1350 11 1426
1351 11 1490
1352 11 1498
1353 11 1553
1354 11 1508
1355 11 1570
1355 11 1402
1355 11 1516
1356 11 1552
1357 11 1401
1358 11 1490
1359 11 1509
1360 11 1545
1361 11 1530
1361 11 1469
1362 11 1425
1363 11 1500
1364 11 1502
1364 11 1556
1364 11 1490
1365 11 1401
1366 11 1490
1367 11 1561
1368 11 1406
1369 11 1446
1369 11 1512
1370 11 1535
1371 11 1581
1372 11 1507
1373 11 1442
1374 11 1490
1375 11 1426
1376 11 1401
1377 11 1595
1378 11 1490
1378 11 1507
1379 11 1556
1380 11 1469
1380 11 1490
1381 11 1507
1381 11 1507
1381 11 1426
1381 11 1426
1381 11 1556
1381 11 1441
1382 11 1490
1383 11 1490
1384 11 1490
1385 11 1460
1386 11 1564
1387 11 1548
1388 11 1506
1388 11 1428
1389 11 1502
1389 11 1554
1390 11 1460
1391 11 1444
1392 11 1450
1393 11 1534
1394 11 1437
1395 11 1460
1396 11 1502
1397 11 1490
1397 11 1525
1398 11 1440
1399 11 1562
1565 16 2400
1418 16 2400
1551 16 2402
1564 16 2406
1474 16 2406
1432 16 2415
1562 16 2421
1486 16 2422
1567 16 2426
1471 16 2426
1515 16 2431
1572 16 2443
1578 16 2452
1491 16 2452
1463 16 2454
1407 16 2455
1443 16 2459
1427 16 2460
1484 16 2478
1461 16 2483
1527 16 2483
1596 16 2484
1531 16 2488
1538 16 2493
1534 16 2502
1457 16 2506
1556 16 2513
1429 16 2532
1497 16 2533
1459 16 2554
1514 16 2555
1521 16 2555
1535 16 2556
1404 16 2557
1513 16 2558
1558 16 2560
1529 16 2561
1475 16 2564
1557 16 2568
1532 16 2591
1501 16 2598
1400 12 1662
1401 12 1600
1401 12 1653
1401 12 1742
1401 12 1732
1402 12 1736
1403 12 1709
1404 12 1789
1405 12 1742
1405 12 1752
1406 12 1657
1407 12 1727
1408 12 1643
1408 12 1752
1409 12 1794
1409 12 1784
1409 12 1693
1409 12 1652
1410 12 1781
1411 12 1706
1411 12 1628
1411 12 1782
1411 12 1779
1411 12 1692
1411 12 1746
1411 12 1617
1411 12 1611
1411 12 1727
1411 12 1700
1411 12 1735
1411 12 1785
1411 12 1742
1411 12 1742
1411 12 1650
1411 12 1630
1412 12 1742
1413 12 1606
1414 12 1717
1415 12 1732
1415 12 1729
1415 12 1742
1416 12 1741
1417 12 1649
1418 12 1633
1419 12 1618
1419 12 1651
1420 12 1742
1421 12 1678
1422 12 1630
1423 12 1656
1424 12 1736
1425 12 1698
1426 12 1742
1427 12 1742
1428 12 1648
1428 12 1658
1429 12 1684
1430 12 1664
1431 12 1766
1432 12 1736
1432 12 1611
1432 12 1731
1432 12 1724
1432 12 1632
1432 12 1742
1432 12 1742
1432 12 1742
1432 12 1681
1432 12 1754
1433 12 1622
1434 12 1615
1435 12 1736
1436 12 1763
1436 12 1681
1436 12 1647
1437 12 1742
1438 12 1717
1438 12 1754
1438 12 1687
1439 12 1741
1440 12 1714
1441 12 1659
1442 12 1617
1442 12 1727
1442 12 1742
1443 12 1697
1444 12 1739
1445 12 1699
1446 12 1789
1446 12 1788
1446 12 1725
1446 12 1742
1446 12 1763
1446 12 1742
1446 12 1720
1447 12 1690
1448 12 1722
1448 12 1743
1449 12 1742
1450 12 1682
1450 12 1742
1450 12 1609
1451 12 1715
1452 12 1629
1453 12 1607
1454 12 1619
1455 12 1677
1455 12 1773
1456 12 1604
1457 12 1777
1457 12 1672
1458 12 1741
1459 12 1754
1460 12 1736
1460 12 1774
1460 12 1727
1461 12 1767
1462 12 1607
1463 12 1669
1464 12 1720
1465 12 1787
1466 12 1742
1466 12 1675
1466 12 1694
1467 12 1710
1468 12 1617
1469 12 1666
1470 12 1600
1471 12 1717
1472 12 1702
1473 12 1672
1473 12 1613
1473 12 1638
1474 12 1798
1474 12 1730
1475 12 1638
1476 12 1744
1477 12 1780
1478 12 1729
1479 12 1667
1480 12 1741
1481 12 1705
1482 12 1655
1483 12 1634
1483 12 1789
1483 12 1742
1483 12 1721
1484 12 1606
1484 12 1745
1485 12 1742
1485 12 1768
1486 12 1741
1487 12 1670
1488 12 1758
1488 12 1756
1489 12 1664
1490 12 1732
1491 12 1745
1491 12 1620
1492 12 1661
1493 12 1749
1493 12 1665
1494 12 1672
1495 12 1674
1496 12 1738
1497 12 1611
1497 12 1742
1497 12 1763
1497 12 1727
1497 12 1742
1497 12 1747
1497 12 1741
1497 12 1611
1497 12 1627
1497 12 1625
1497 12 1742
1497 12 1711
1497 12 1686
1497 12 1644
1498 12 1752
1499 12 1661
1500 12 1774
1501 12 1748
1502 12 1746
1503 12 1775
1504 12 1612
1504 12 1783
1504 12 1689
1504 12 1624
1504 12 1776
1504 12 1738
1504 12 1720
1505 12 1742
1506 12 1742
1507 12 1717
1508 12 1690
1508 12 1719
1509 12 1763
1510 12 1741
1511 12 1729
1511 12 1600
1512 12 1751
1513 12 1742
1514 12 1610
1515 12 1638
1515 12 1778
1516 12 1695
1516 12 1723
1517 12 1793
1518 12 1704
1518 12 1620
1518 12 1638
1518 12 1642
1518 12 1733
1519 12 1789
1519 12 1621
1519 12 1791
1519 12 1764
1520 12 1729
1521 12 1742
1521 12 1742
1522 12 1638
1523 12 1741
1524 12 1742
1525 12 1759
1525 12 1611
1526 12 1716
1526 12 1729
1526 12 1611
1526 12 1623
1527 12 1706
1527 12 1616
1528 12 1672
1529 12 1755
1529 12 1742
1530 12 1631
1530 12 1742
1531 12 1760
1532 12 1795
1532 12 1792
1533 12 1639
1534 12 1761
1534 12 1742
1535 12 1603
1536 12 1736
1537 12 1638
1538 12 1616
1538 12 1713
1538 12 1603
1539 12 1688
1540 12 1622
1541 12 1626
1541 12 1740
1542 12 1736
1543 12 1752
1544 12 1738
1545 12 1728
1546 12 1770
1547 12 1752
1548 12 1614
1549 12 1734
1550 12 1765
1551 12 1717
1552 12 1757
1553 12 1615
1553 12 1742
1553 12 1742
1553 12 1637
1554 12 1742
1554 12 1736
1555 12 1741
1556 12 1654
1557 12 1603
1557 12 1744
1557 12 1672
1557 12 1752
1557 12 1684
1557 12 1707
1557 12 1789
1557 12 1701
1558 12 1671
1558 12 1745
1559 12 1729
1559 12 1644
1560 12 1648
1561 12 1786
1562 12 1797
1563 12 1718
1563 12 1605
1564 12 1683
1565 12 1660
1566 12 1601
1567 12 1611
1568 12 1799
1568 12 1762
1568 12 1742
1568 12 1720
1568 12 1741
1568 12 1668
1568 12 1676
1569 12 1717
1570 12 1741
1571 12 1636
1571 12 1641
1571 12 1690
1571 12 1774
1571 12 1766
1571 12 1742
1571 12 1673
1572 12 1789
1573 12 1645
1574 12 1717
1575 12 1742
1576 12 1742
1577 12 1742
1578 12 1763
1579 12 1742
1580 12 1737
1580 12 1611
1580 12 1729
1581 12 1742
1581 12 1742
1581 12 1791
1582 12 1772
1583 12 1626
1584 12 1720
1584 12 1742
1584 12 1672
1584 12 1615
1584 12 1640
1584 12 1708
1584 12 1672
1584 12 1793
1584 12 1736
1584 12 1754
1584 12 1742
1584 12 1766
1584 12 1752
1584 12 1742
1584 12 1679
1584 12 1753
1584 12 1750
1584 12 1742
1584 12 1603
1584 12 1789
1584 12 1642
1584 12 1771
1584 12 1742
1584 12 1742
1584 12 1736
1584 12 1742
1584 12 1672
1585 12 1740
1586 12 1712
1587 12 1789
1588 12 1796
1589 12 1726
1590 12 1608
1591 12 1663
1591 12 1611
1591 12 1741
1592 12 1669
1593 12 1602
1594 12 1680
1595 12 1769
1596 12 1790
1597 12 1611
1598 12 1775
1599 12 1696
1770 16 2410
1632 16 2420
1733 16 2436
1735 16 2450
1774 16 2451
1769 16 2465
1653 16 2466
1603 16 2466
1728 16 2469
1758 16 2476
1636 16 2504
1671 16 2506
1731 16 2520
1613 16 2525
1768 16 2525
1722 16 2526
1686 16 2528
1678 16 2537
1696 16 2548
1610 16 2549
1763 16 2550
1663 16 2556
1606 16 2569
1737 16 2580
1656 16 2582
1670 16 2587
1634 16 2590
1787 16 2596
1771 16 2596
1658 16 2597
1600 13 1632
1601 13 1680
1602 13 1685
1603 13 1776
1604 13 1707
1605 13 1773
1606 13 1697
1607 13 1790
1608 13 1678
1609 13 1702
1610 13 1688
1611 13 1650
1612 13 1746
1613 13 1616
1614 13 1768
1615 13 1645
1616 13 1621
1617 13 1678
1618 13 1733
1619 13 1660
1620 13 1707
1621 13 1728
1622 13 1609
1623 13 1754
1624 13 1691
1625 13 1766
1626 13 1792
1627 13 1767
1628 13 1783
1629 13 1738
1630 13 1642
1631 13 1707
1632 13 1675
1633 13 1779
1634 13 1763
1635 13 1707
1636 13 1707
1637 13 1644
1638 13 1662
1639 13 1688
1640 13 1686
1641 13 1677
1642 13 1651
1643 13 1638
1644 13 1774
1645 13 1797
1646 13 1626
1647 13 1634
1648 13 1612
1649 13 1789
1650 13 1645
1651 13 1707
1652 13 1663
1653 13 1660
1654 13 1707
1655 13 1705
1656 13 1749
1657 13 1645
1658 13 1778
1659 13 1649
1660 13 1614
1661 13 1653
1662 13 1683
1663 13 1644
1664 13 1672
1665 13 1741
1666 13 1631
1667 13 1705
1668 13 1767
1669 13 1710
1670 13 1615
1671 13 1707
1672 13 1794
1673 13 1744
1674 13 1692
1675 13 1645
1676 13 1723
1677 13 1633
1678 13 1776
1679 13 1629
1680 13 1628
1681 13 1705
1682 13 1633
1683 13 1766
1684 13 1707
1685 13 1742
1686 13 1728
1687 13 1667
1688 13 1677
1689 13 1660
1690 13 1707
1691 13 1647
1692 13 1681
1693 13 1661
1694 13 1707
1695 13 1799
1696 13 1764
1697 13 1758
1698 13 1707
1699 13 1680
1700 13 1707
1701 13 1637
1702 13 1707
1703 13 1781
1704 13 1657
1705 13 1656
1706 13 1762
1707 13 1671
1708 13 1735
1709 13 1645
1710 13 1670
1711 13 1601
1712 13 1735
1713 13 1608
1714 13 1645
1715 13 1670
1716 13 1659
1717 13 1645
1718 13 1600
1719 13 1611
1720 13 1610
1721 13 1603
1722 13 1743
1723 13 1793
1724 13 1683
1725 13 1707
1726 13 1645
1727 13 1707
1728 13 1707
1729 13 1707
1730 13 1639
1731 13 1763
1732 13 1661
1733 13 1683
1734 13 1707
1735 13 1707
1736 13 1645
1737 13 1686
1738 13 1761
1739 13 1705
1740 13 1707
1741 13 1752
1742 13 1683
1743 13 1605
1744 13 1645
1745 13 1707
1746 13 1677
1747 13 1766
1748 13 1699
1749 13 1759
1750 13 1641
1751 13 1705
1752 13 1621
1753 13 1748
1754 13 1707
1755 13 1690
1756 13 1645
1757 13 1707
1758 13 1645
1759 13 1707
1760 13 1668
1761 13 1654
1762 13 1798
1763 13 1617
1764 13 1707
1765 13 1717
1766 13 1730
1767 13 1618
1768 13 1646
1769 13 1736
1770 13 1714
1771 13 1635
1772 13 1627
1773 13 1625
1774 13 1720
1775 13 1791
1776 13 1713
1777 13 1788
1778 13 1751
1779 13 1706
1780 13 1695
1781 13 1718
1782 13 1643
1783 13 1683
1784 13 1753
1785 13 1771
1786 13 1688
1787 13 1777
1788 13 1708
1789 13 1768
1790 13 1694
1791 13 1617
1792 13 1613
1793 13 1698
1794 13 1666
1795 13 1715
1796 13 1753
1797 13 1686
1798 13 1735
1799 13 1763
1829 23 2400
1988 23 2416
1832 23 2423
1889 23 2423
1890 23 2424
1906 23 2429
1878 23 2457
1887 23 2460
1963 23 2463
1967 23 2464
1954 23 2470
1810 23 2485
1817 23 2505
1802 23 2526
1896 23 2534
1964 23 2536
1861 23 2545
1950 23 2554
1959 23 2562
1999 23 2563
1816 23 2567
1984 23 2568
1807 23 2568
1993 23 2570
1935 23 2570
1912 23 2574
1819 23 2575
1971 23 2581
1955 23 2589
1976 23 2597
1823 24 2401
1891 24 2403
1975 24 2409
1817 24 2409
1878 24 2409
1925 24 2411
1847 24 2416
1859 24 2417
1928 24 2429
1901 24 2431
1940 24 2432
1853 24 2437
1833 24 2441
1968 24 2441
1832 24 2442
1914 24 2447
1830 24 2447
1911 24 2462
1929 24 2462
1906 24 2483
1908 24 2500
1973 24 2502
1915 24 2506
1826 24 2507
1927 24 2510
1967 24 2521
1953 24 2530
1941 24 2545
1903 24 2545
1876 24 2553
1811 24 2556
1835 24 2559
1868 24 2563
1924 24 2563
1979 24 2568
1957 24 2581
1969 24 2584
1935 24 2586
1898 24 2592
1837 25 2427
1975 25 2427
1831 25 2435
1864 25 2438
1860 25 2440
1960 25 2448
1866 25 2448
1990 25 2450
1801 25 2450
1818 25 2451
1863 25 2453
1929 25 2453
1876 25 2453
1931 25 2456
1800 25 2458
1995 25 2458
1920 25 2459
1816 25 2464
1842 25 2467
1813 25 2467
1851 25 2476
1834 25 2498
1984 25 2501
1970 25 2512
1906 25 2515
1933 25 2516
1894 25 2519
1823 25 2523
1936 25 2523
1952 25 2525
1926 25 2539
1907 25 2562
1887 25 2562
1872 25 2565
1853 25 2567
1891 25 2567
1889 25 2576
1983 25 2577
1827 25 2578
1957 25 2579
1946 25 2579
1809 25 2582
1893 25 2592
1800 13 2274
1801 13 2308
1802 13 2352
1803 13 2274
1804 13 2334
1805 13 2206
1806 13 2249
1807 13 2384
1808 13 2283
1809 13 2284
1810 13 2262
1811 13 2385
1812 13 2327
1813 13 2384
1814 13 2384
1815 13 2255
1816 13 2316
1817 13 2375
1818 13 2238
1819 13 2363
1820 13 2312
1821 13 2272
1822 13 2280
1823 13 2365
1824 13 2274
1825 13 2326
1826 13 2347
1827 13 2280
1828 13 2357
1829 13 2294
1830 13 2319
1831 13 2384
1832 13 2384
1833 13 2393
1834 13 2266
1835 13 2260
1836 13 2366
1837 13 2314
1838 13 2263
1839 13 2365
1840 13 2227
1841 13 2317
1842 13 2353
1843 13 2384
1844 13 2384
1845 13 2238
1846 13 2211
1847 13 2203
1848 13 2237
1849 13 2365
1850 13 2274
1851 13 2274
1852 13 2347
1853 13 2210
1854 13 2265
1855 13 2274
1856 13 2301
1857 13 2302
1858 13 2370
1859 13 2395
1860 13 2258
1861 13 2397
1862 13 2256
1863 13 2245
1864 13 2247
1865 13 2238
1866 13 2392
1867 13 2373
1868 13 2343
1869 13 2257
1870 13 2384
1871 13 2363
1872 13 2312
1873 13 2365
1874 13 2342
1875 13 2280
1876 13 2241
1877 13 2378
1878 13 2365
1879 13 2280
1880 13 2244
1881 13 2361
1882 13 2268
1883 13 2304
1884 13 2220
1885 13 2374
1886 13 2335
1887 13 2230
1888 13 2373
1889 13 2286
1890 13 2274
1891 13 2257
1892 13 2376
1893 13 2230
1894 13 2297
1895 13 2367
1896 13 2384
1897 13 2378
1898 13 2318
1899 13 2306
1900 13 2384
1901 13 2242
1902 13 2397
1903 13 2280
1904 13 2398
1905 13 2384
1906 13 2353
1907 13 2384
1908 13 2213
1909 13 2203
1910 13 2373
1911 13 2358
1912 13 2377
1913 13 2204
1914 13 2346
1915 13 2280
1916 13 2239
1917 13 2349
1918 13 2245
1919 13 2306
1920 13 2274
1921 13 2384
1922 13 2340
1923 13 2224
1924 13 2283
1925 13 2246
1926 13 2384
1927 13 2395
1928 13 2365
1929 13 2266
1930 13 2280
1931 13 2274
1932 13 2365
1933 13 2222
1934 13 2338
1935 13 2385
1936 13 2385
1937 13 2238
1938 13 2276
1939 13 2320
1940 13 2274
1941 13 2347
1942 13 2348
1943 13 2385
1944 13 2245
1945 13 2316
1946 13 2280
1947 13 2224
1948 13 2293
1949 13 2247
1950 13 2274
1951 13 2239
1952 13 2365
1953 13 2299
1954 13 2231
1955 13 2289
1956 13 2280
1957 13 2300
1958 13 2338
1959 13 2312
1960 13 2316
1961 13 2215
1962 13 2296
1963 13 2211
1964 13 2336
1965 13 2267
1966 13 2277
1967 13 2385
1968 13 2274
1969 13 2280
1970 13 2273
1971 13 2239
1972 13 2371
1973 13 2219
1974 13 2224
1975 13 2225
1976 13 2388
1977 13 2399
1978 13 2238
1979 13 2360
1980 13 2316
1981 13 2383
1982 13 2365
1983 13 2274
1984 13 2372
1985 13 2306
1986 13 2373
1987 13 2316
1988 13 2211
1989 13 2224
1990 13 2245
1991 13 2312
1992 13 2250
1993 13 2231
1994 13 2238
1995 13 2373
1996 13 2233
1997 13 2257
1998 13 2287
1999 13 2307
2010 23 2407
2062 23 2412
2153 23 2414
2127 23 2426
2162 23 2453
2123 23 2455
2019 23 2463
2144 23 2464
2068 23 2469
2060 23 2469
2022 23 2482
2163 23 2488
2081 23 2488
2065 23 2488
2116 23 2513
2047 23 2513
2096 23 2535
2136 23 2547
2146 23 2556
2193 23 2560
2107 23 2564
2141 23 2577
2174 23 2577
2032 23 2580
2056 23 2583
2191 23 2587
2168 23 2597
2019 24 2601
2112 24 2608
2007 24 2613
2084 24 2615
2063 24 2626
2016 24 2631
2128 24 2644
2129 24 2648
2070 24 2648
2031 24 2653
2193 24 2655
2045 24 2655
2115 24 2656
2119 24 2669
2074 24 2674
2125 24 2690
2058 24 2690
2028 24 2695
2185 24 2701
2022 24 2703
2152 24 2704
2149 24 2705
2027 24 2706
2156 24 2714
2117 24 2719
2012 24 2727
2108 24 2728
2044 24 2735
2184 24 2738
2081 24 2738
2034 24 2745
2088 24 2765
2079 24 2774
2097 24 2777
2136 24 2787
2102 24 2789
2190 24 2792
2003 24 2793
2168 24 2794
2186 24 2795
2000 14 2316
2001 14 2366
2002 14 2369
2003 14 2318
2004 14 2346
2005 14 2353
2006 14 2208
2007 14 2214
2008 14 2302
2009 14 2242
2010 14 2323
2011 14 2314
2012 14 2386
2013 14 2370
2014 14 2324
2015 14 2368
2016 14 2258
2017 14 2224
2018 14 2214
2019 14 2256
2020 14 2305
2021 14 2255
2022 14 2241
2023 14 2303
2024 14 2272
2025 14 2365
2026 14 2325
2027 14 2271
2028 14 2306
2029 14 2240
2030 14 2289
2031 14 2292
2032 14 2325
2033 14 2240
2034 14 2315
2035 14 2249
2036 14 2229
2037 14 2372
2038 14 2240
2039 14 2244
2040 14 2368
2041 14 2325
2042 14 2332
2043 14 2372
2044 14 2353
2045 14 2240
2046 14 2369
2047 14 2325
2048 14 2356
2049 14 2265
2050 14 2323
2051 14 2340
2052 14 2278
2053 14 2290
2054 14 2233
2055 14 2371
2056 14 2325
2057 14 2230
2058 14 2342
2059 14 2204
2060 14 2247
2061 14 2307
2062 14 2262
2063 14 2325
2064 14 2372
2065 14 2240
2066 14 2256
2067 14 2269
2068 14 2397
2069 14 2201
2070 14 2393
2071 14 2222
2072 14 2337
2073 14 2205
2074 14 2372
2075 14 2331
2076 14 2366
2077 14 2372
2078 14 2235
2079 14 2314
2080 14 2332
2081 14 2240
2082 14 2210
2083 14 2273
2084 14 2298
2085 14 2217
2086 14 2207
2087 14 2375
2088 14 2245
2089 14 2344
2090 14 2328
2091 14 2329
2092 14 2209
2093 14 2203
2094 14 2388
2095 14 2308
2096 14 2300
2097 14 2240
2098 14 2264
2099 14 2284
2100 14 2267
2101 14 2383
2102 14 2376
2103 14 2240
2104 14 2369
2105 14 2283
2106 14 2285
2107 14 2296
2108 14 2372
2109 14 2379
2110 14 2277
2111 14 2313
2112 14 2396
2113 14 2212
2114 14 2338
2115 14 2247
2116 14 2281
2117 14 2381
2118 14 2347
2119 14 2266
2120 14 2224
2121 14 2221
2122 14 2325
2123 14 2363
2124 14 2366
2125 14 2209
2126 14 2395
2127 14 2382
2128 14 2394
2129 14 2372
2130 14 2342
2131 14 2397
2132 14 2274
2133 14 2366
2134 14 2325
2135 14 2352
2136 14 2366
2137 14 2342
2138 14 2389
2139 14 2382
2140 14 2372
2141 14 2229
2142 14 2304
2143 14 2336
2144 14 2353
2145 14 2283
2146 14 2243
2147 14 2200
2148 14 2227
2149 14 2286
2150 14 2324
2151 14 2372
2152 14 2332
2153 14 2203
2154 14 2238
2155 14 2369
2156 14 2374
2157 14 2237
2158 14 2299
2159 14 2392
2160 14 2225
2161 14 2342
2162 14 2355
2163 14 2382
2164 14 2295
2165 14 2397
2166 14 2382
2167 14 2202
2168 14 2360
2169 14 2218
2170 14 2211
2171 14 2208
2172 14 2313
2173 14 2399
2174 14 2385
2175 14 2263
2176 14 2319
2177 14 2372
2178 14 2322
2179 14 2325
2180 14 2294
2181 14 2321
2182 14 2256
2183 14 2382
2184 14 2219
2185 14 2270
2186 14 2247
2187 14 2206
2188 14 2280
2189 14 2385
2190 14 2243
2191 14 2392
2192 14 2338
2193 14 2395
2194 14 2256
2195 14 2256
2196 14 2361
2197 14 2252
2198 14 2330
2199 14 2335
2000 13 2266
2001 13 2315
2002 13 2264
2003 13 2217
2004 13 2336
2005 13 2259
2006 13 2395
2007 13 2210
2008 13 2356
2009 13 2353
2010 13 2251
2011 13 2392
2012 13 2376
2013 13 2370
2014 13 2225
2015 13 2284
2016 13 2277
2017 13 2354
2018 13 2217
2019 13 2300
2020 13 2280
2021 13 2395
2022 13 2251
2023 13 2391
2024 13 2285
2025 13 2375
2026 13 2203
2027 13 2398
2028 13 2248
2029 13 2252
2030 13 2341
2031 13 2280
2032 13 2239
2033 13 2369
2034 13 2208
2035 13 2293
2036 13 2281
2037 13 2318
2038 13 2330
2039 13 2202
2040 13 2240
2041 13 2327
2042 13 2280
2043 13 2383
2044 13 2375
2045 13 2348
2046 13 2377
2047 13 2324
2048 13 2330
2049 13 2225
2050 13 2375
2051 13 2280
2052 13 2219
2053 13 2277
2054 13 2217
2055 13 2373
2056 13 2280
2057 13 2331
2058 13 2364
2059 13 2317
2060 13 2204
2061 13 2239
2062 13 2205
2063 13 2246
2064 13 2320
2065 13 2223
2066 13 2340
2067 13 2225
2068 13 2256
2069 13 2217
2070 13 2378
2071 13 2255
2072 13 2341
2073 13 2323
2074 13 2379
2075 13 2217
2076 13 2296
2077 13 2277
2078 13 2299
2079 13 2201
2080 13 2365
2081 13 2257
2082 13 2344
2083 13 2329
2084 13 2349
2085 13 2243
2086 13 2314
2087 13 2276
2088 13 2228
2089 13 2335
2090 13 2371
2091 13 2239
2092 13 2279
2093 13 2238
2094 13 2267
2095 13 2238
2096 13 2271
2097 13 2329
2098 13 2389
2099 13 2249
2100 13 2223
2101 13 2321
2102 13 2320
2103 13 2239
2104 13 2361
2105 13 2238
2106 13 2296
2107 13 2267
2108 13 2311
2109 13 2296
2110 13 2217
2111 13 2280
2112 13 2277
2113 13 2232
2114 13 2223
2115 13 2335
2116 13 2236
2117 13 2231
2118 13 2225
2119 13 2325
2120 13 2391
2121 13 2257
2122 13 2280
2123 13 2254
2124 13 2269
2125 13 2322
2126 13 2351
2127 13 2358
2128 13 2366
2129 13 2291
2130 13 2326
2131 13 2358
2132 13 2343
2133 13 2369
2134 13 2206
2135 13 2396
2136 13 2267
2137 13 2398
2138 13 2254
2139 13 2363
2140 13 2337
2141 13 2360
2142 13 2313
2143 13 2230
2144 13 2334
2145 13 2330
2146 13 2332
2147 13 2373
2148 13 2350
2149 13 2240
2150 13 2298
2151 13 2280
2152 13 2217
2153 13 2237
2154 13 2346
2155 13 2288
2156 13 2342
2157 13 2212
2158 13 2217
2159 13 2380
2160 13 2387
2161 13 2395
2162 13 2360
2163 13 2240
2164 13 2301
2165 13 2222
2166 13 2283
2167 13 2215
2168 13 2399
2169 13 2267
2170 13 2362
2171 13 2280
2172 13 2262
2173 13 2311
2174 13 2213
2175 13 2320
2176 13 2220
2177 13 2235
2178 13 2280
2179 13 2278
2180 13 2388
2181 13 2339
2182 13 2328
2183 13 2290
2184 13 2295
2185 13 2358
2186 13 2308
2187 13 2319
2188 13 2382
2189 13 2280
2190 13 2238
2191 13 2312
2192 13 2368
2193 13 2209
2194 13 2216
2195 13 2302
2196 13 2347
2197 13 2267
2198 13 2207
2199 13 2254
2302 15 2805
2344 15 2819
2338 15 2828
2286 15 2833
2325 15 2837
2241 15 2840
2282 15 2841
2343 15 2843
2356 15 2853
2380 15 2863
2314 15 2867
2360 15 2868
2342 15 2873
2221 15 2875
2324 15 2875
2309 15 2880
2281 15 2891
2236 15 2891
2289 15 2896
2285 15 2901
2364 15 2904
2350 15 2904
2298 15 2918
2225 15 2935
2208 15 2937
2276 15 2942
2231 15 2944
2319 15 2955
2365 15 2965
2359 15 2969
2273 15 2969
2347 15 2974
2211 15 2974
2246 15 2979
2266 15 2982
2216 15 2982
2396 15 2985
2374 15 2986
2263 15 2986
2212 15 2988
2375 15 2997
2378 15 2998
2219 21 2412
2240 21 2413
2242 21 2416
2286 21 2419
2211 21 2421
2289 21 2422
2231 21 2424
2269 21 2430
2298 21 2433
2399 21 2438
2203 21 2452
2246 21 2452
2228 21 2465
2336 21 2472
2227 21 2474
2315 21 2492
2250 21 2498
2367 21 2498
2379 21 2500
2285 21 2504
2377 21 2505
2308 21 2515
2309 21 2524
2213 21 2537
2369 21 2541
2339 21 2546
2314 21 2546
2396 21 2546
2233 21 2547
2243 21 2550
2209 21 2554
2370 21 2554
2281 21 2554
2276 21 2557
2380 21 2563
2263 21 2567
2371 21 2568
2356 21 2575
2351 21 2577
2391 21 2578
2326 21 2580
2375 21 2588
2302 21 2594
2306 21 2599
2348 22 2405
2371 22 2421
2363 22 2434
2290 22 2439
2244 22 2448
2288 22 2451
2210 22 2461
2250 22 2461
2248 22 2467
2357 22 2468
2277 22 2468
2306 22 2468
2331 22 2470
2262 22 2478
2207 22 2483
2350 22 2484
2391 22 2490
2243 22 2493
2312 22 2506
2209 22 2506
2281 22 2512
2353 22 2514
2231 22 2520
2333 22 2535
2282 22 2540
2289 22 2544
2390 22 2565
2311 22 2566
2227 22 2568
2324 22 2577
2356 22 2579
2246 22 2581
2358 22 2583
2372 22 2590
2328 22 2590
2214 22 2593
2368 22 2598
2299 22 2598
2226 22 2599
2216 22 2599
2200 6 828
2201 6 961
2202 6 950
2203 6 917
2204 6 872
2205 6 964
2206 6 936
2207 6 890
2208 6 947
2209 6 972
2210 6 804
2211 6 894
2212 6 903
2213 6 983
2214 6 895
2215 6 807
2216 6 928
2217 6 822
2218 6 829
2219 6 819
2220 6 945
2221 6 819
2222 6 904
2223 6 879
2224 6 899
2225 6 804
2226 6 890
2227 6 829
2228 6 806
2229 6 955
2230 6 925
2231 6 829
2232 6 812
2233 6 804
2234 6 884
2235 6 954
2236 6 882
2237 6 948
2238 6 971
2239 6 829
2240 6 873
2241 6 921
2242 6 929
2243 6 804
2244 6 864
2245 6 988
2246 6 886
2247 6 865
2248 6 873
2249 6 957
2250 6 806
2251 6 820
2252 6 956
2253 6 827
2254 6 960
2255 6 952
2256 6 804
2257 6 819
2258 6 873
2259 6 917
2260 6 923
2261 6 849
2262 6 880
2263 6 829
2264 6 890
2265 6 951
2266 6 987
2267 6 905
2268 6 983
2269 6 829
2270 6 913
2271 6 915
2272 6 881
2273 6 800
2274 6 835
2275 6 829
2276 6 932
2277 6 849
2278 6 881
2279 6 946
2280 6 829
2281 6 829
2282 6 802
2283 6 881
2284 6 909
2285 6 829
2286 6 953
2287 6 841
2288 6 811
2289 6 866
2290 6 975
2291 6 859
2292 6 979
2293 6 804
2294 6 829
2295 6 881
2296 6 953
2297 6 881
2298 6 914
2299 6 804
2300 6 860
2301 6 939
2302 6 815
2303 6 817
2304 6 813
2305 6 829
2306 6 892
2307 6 829
2308 6 864
2309 6 962
2310 6 829
2311 6 829
2312 6 999
2313 6 875
2314 6 973
2315 6 829
2316 6 979
2317 6 982
2318 6 978
2319 6 998
2320 6 804
2321 6 864
2322 6 869
2323 6 806
2324 6 902
2325 6 888
2326 6 936
2327 6 965
2328 6 878
2329 6 887
2330 6 829
2331 6 932
2332 6 861
2333 6 876
2334 6 840
2335 6 811
2336 6 994
2337 6 806
2338 6 979
2339 6 800
2340 6 873
2341 6 829
2342 6 973
2343 6 800
2344 6 999
2345 6 970
2346 6 939
2347 6 991
2348 6 881
2349 6 829
2350 6 981
2351 6 808
2352 6 932
2353 6 978
2354 6 805
2355 6 861
2356 6 992
2357 6 966
2358 6 881
2359 6 804
2360 6 829
2361 6 823
2362 6 839
2363 6 829
2364 6 829
2365 6 801
2366 6 843
2367 6 855
2368 6 829
2369 6 852
2370 6 959
2371 6 881
2372 6 859
2373 6 938
2374 6 829
2375 6 938
2376 6 878
2377 6 919
2378 6 803
2379 6 854
2380 6 818
2381 6 900
2382 6 842
2383 6 832
2384 6 825
2385 6 829
2386 6 848
2387 6 833
2388 6 831
2389 6 937
2390 6 804
2391 6 829
2392 6 956
2393 6 979
2394 6 967
2395 6 829
2396 6 913
2397 6 910
2398 6 891
2399 6 931
2200 9 16
2201 9 131
2202 9 0
2203 9 181
2204 9 112
2205 9 113
2206 9 147
2207 9 129
2208 9 21
2209 9 20
2210 9 0
2211 9 0
2212 9 13
2213 9 153
2214 9 51
2215 9 53
2216 9 97
2217 9 2
2218 9 162
2219 9 97
2220 9 56
2221 9 164
2222 9 0
2223 9 121
2224 9 9
2225 9 180
2226 9 5
2227 9 0
2228 9 88
2229 9 175
2230 9 22
2231 9 110
2232 9 120
2233 9 137
2234 9 77
2235 9 172
2236 9 0
2237 9 93
2238 9 108
2239 9 43
2240 9 48
2241 9 12
2242 9 180
2243 9 157
2244 9 50
2245 9 102
2246 9 26
2247 9 170
2248 9 0
2249 9 199
2250 9 151
2251 9 0
2252 9 74
2253 9 0
2254 9 106
2255 9 64
2256 9 119
2257 9 60
2258 9 97
2259 9 0
2260 9 0
2261 9 0
2262 9 51
2263 9 18
2264 9 110
2265 9 124
2266 9 115
2267 9 10
2268 9 165
2269 9 62
2270 9 6
2271 9 91
2272 9 84
2273 9 0
2274 9 171
2275 9 180
2276 9 54
2277 9 0
2278 9 12
2279 9 169
2280 9 18
2281 9 124
2282 9 135
2283 9 67
2284 9 168
2285 9 0
2286 9 86
2287 9 97
2288 9 29
2289 9 81
2290 9 114
2291 9 160
2292 9 31
2293 9 0
2294 9 181
2295 9 96
2296 9 68
2297 9 45
2298 9 51
2299 9 186
2300 9 0
2301 9 47
2302 9 184
2303 9 158
2304 9 25
2305 9 167
2306 9 195
2307 9 36
2308 9 94
2309 9 0
2310 9 129
2311 9 74
2312 9 39
2313 9 65
2314 9 124
2315 9 63
2316 9 19
2317 9 182
2318 9 199
2319 9 103
2320 9 19
2321 9 38
2322 9 101
2323 9 51
2324 9 188
2325 9 66
2326 9 71
2327 9 152
2328 9 42
2329 9 0
2330 9 179
2331 9 159
2332 9 116
2333 9 0
2334 9 52
2335 9 72
2336 9 0
2337 9 141
2338 9 87
2339 9 89
2340 9 181
2341 9 82
2342 9 4
2343 9 23
2344 9 0
2345 9 74
2346 9 163
2347 9 0
2348 9 0
2349 9 98
2350 9 162
2351 9 80
2352 9 118
2353 9 100
2354 9 113
2355 9 99
2356 9 140
2357 9 124
2358 9 0
2359 9 97
2360 9 3
2361 9 40
2362 9 145
2363 9 180
2364 9 176
2365 9 198
2366 9 133
2367 9 32
2368 9 197
2369 9 74
2370 9 111
2371 9 107
2372 9 70
2373 9 174
2374 9 0
2375 9 178
2376 9 20
2377 9 167
2378 9 30
2379 9 0
2380 9 44
2381 9 0
2382 9 110
2383 9 29
2384 9 11
2385 9 61
2386 9 154
2387 9 76
2388 9 97
2389 9 131
2390 9 178
2391 9 24
2392 9 188
2393 9 3
2394 9 132
2395 9 22
2396 9 194
2397 9 0
2398 9 72
2399 9 90
2200 11 1520
2201 11 1483
2202 11 1429
2203 11 1537
2203 11 1552
2204 11 1544
2205 11 1515
2206 11 1540
2207 11 1434
2208 11 1562
2209 11 1554
2210 11 1469
2210 11 1560
2210 11 1535
2210 11 1564
2210 11 1559
2210 11 1444
2211 11 1501
2211 11 1468
2212 11 1595
2213 11 1563
2214 11 1417
2215 11 1470
2215 11 1528
2216 11 1562
2217 11 1478
2217 11 1501
2217 11 1591
2218 11 1485
2219 11 1567
2220 11 1510
2220 11 1594
2220 11 1580
2220 11 1413
2220 11 1410
2221 11 1501
2221 11 1498
2221 11 1511
2221 11 1557
2221 11 1456
2222 11 1456
2223 11 1498
2224 11 1448
2225 11 1568
2226 11 1524
2227 11 1401
2228 11 1533
2229 11 1501
2230 11 1458
2230 11 1507
2230 11 1486
2230 11 1552
2230 11 1503
2230 11 1584
2230 11 1467
2230 11 1540
2230 11 1423
2230 11 1427
2230 11 1511
2230 11 1574
2230 11 1522
2230 11 1464
2230 11 1440
2230 11 1590
2230 11 1538
2230 11 1441
2230 11 1429
2230 11 1514
2230 11 1563
2230 11 1465
2230 11 1460
2231 11 1454
2232 11 1566
2232 11 1461
2233 11 1433
2234 11 1545
2234 11 1479
2234 11 1455
2235 11 1577
2236 11 1501
2236 11 1416
2236 11 1501
2236 11 1501
2236 11 1561
2237 11 1540
2238 11 1511
2239 11 1518
2240 11 1563
2241 11 1451
2242 11 1419
2243 11 1439
2244 11 1574
2244 11 1501
2245 11 1488
2246 11 1468
2247 11 1501
2247 11 1503
2247 11 1507
2247 11 1511
2247 11 1492
2247 11 1485
2248 11 1540
2248 11 1565
2249 11 1501
2250 11 1519
2251 11 1484
2252 11 1514
2253 11 1511
2254 11 1419
2255 11 1401
2256 11 1596
2257 11 1519
2258 11 1485
2259 11 1469
2260 11 1549
2261 11 1507
2261 11 1515
2262 11 1502
2263 11 1402
2263 11 1563
2263 11 1538
2264 11 1403
2264 11 1556
2265 11 1529
2266 11 1523
2266 11 1535
2267 11 1513
2267 11 1525
2267 11 1574
2268 11 1471
2269 11 1514
2270 11 1551
2271 11 1553
2272 11 1511
2273 11 1480
2274 11 1448
2274 11 1450
2274 11 1408
2275 11 1447
2275 11 1588
2276 11 1505
2277 11 1427
2278 11 1598
2278 11 1593
2279 11 1571
2280 11 1563
2281 11 1548
2281 11 1511
2281 11 1445
2282 11 1501
2283 11 1476
2284 11 1540
2284 11 1599
2284 11 1589
2284 11 1456
2284 11 1420
2285 11 1509
2286 11 1495
2287 11 1503
2288 11 1454
2289 11 1575
2290 11 1569
2290 11 1559
2291 11 1501
2292 11 1448
2293 11 1429
2293 11 1501
2293 11 1514
2293 11 1582
2293 11 1563
2293 11 1496
2293 11 1449
2293 11 1501
2293 11 1563
2293 11 1448
2294 11 1412
2295 11 1555
2296 11 1459
2296 11 1419
2296 11 1501
2296 11 1578
2297 11 1553
2297 11 1493
2297 11 1514
2298 11 1573
2298 11 1514
2299 11 1514
2300 11 1535
2301 11 1535
2302 11 1494
2303 11 1424
2304 11 1466
2305 11 1424
2306 11 1541
2307 11 1490
2308 11 1409
2309 11 1530
2310 11 1546
2311 11 1424
2312 11 1514
2313 11 1517
2313 11 1553
2313 11 1474
2314 11 1485
2315 11 1477
2316 11 1501
2316 11 1511
2316 11 1547
2316 11 1522
2316 11 1430
2316 11 1540
2316 11 1422
2316 11 1426
2317 11 1485
2317 11 1572
2318 11 1553
2318 11 1563
2318 11 1555
2319 11 1515
2319 11 1443
2319 11 1448
2319 11 1540
2319 11 1504
2319 11 1530
2319 11 1503
2320 11 1535
2321 11 1464
2322 11 1597
2323 11 1542
2324 11 1472
2325 11 1477
2326 11 1497
2327 11 1543
2328 11 1511
2329 11 1535
2330 11 1410
2330 11 1421
2331 11 1448
2332 11 1553
2333 11 1419
2333 11 1485
2334 11 1531
2335 11 1583
2336 11 1540
2336 11 1501
2337 11 1427
2337 11 1442
2338 11 1455
2339 11 1418
2340 11 1576
2341 11 1559
2341 11 1555
2341 11 1489
2341 11 1438
2341 11 1506
2341 11 1457
2342 11 1410
2343 11 1431
2344 11 1490
2345 11 1563
2346 11 1585
2346 11 1401
2346 11 1425
2346 11 1564
2346 11 1413
2346 11 1559
2346 11 1501
2346 11 1472
2346 11 1471
2346 11 1481
2346 11 1550
2346 11 1536
2346 11 1472
2346 11 1516
2346 11 1424
2347 11 1454
2348 11 1559
2349 11 1406
2350 11 1400
2351 11 1437
2352 11 1463
2353 11 1415
2354 11 1404
2354 11 1468
2354 11 1526
2355 11 1501
2356 11 1428
2357 11 1501
2358 11 1490
2359 11 1496
2359 11 1413
2360 11 1413
2360 11 1462
2361 11 1588
2362 11 1511
2363 11 1579
2364 11 1558
2365 11 1491
2366 11 1501
2366 11 1507
2367 11 1432
2367 11 1514
2368 11 1563
2369 11 1452
2370 11 1540
2371 11 1401
2372 11 1410
2373 11 1501
2374 11 1532
2375 11 1597
2376 11 1508
2376 11 1563
2376 11 1530
2376 11 1537
2376 11 1568
2376 11 1487
2376 11 1436
2377 11 1518
2377 11 1563
2378 11 1473
2379 11 1521
2379 11 1539
2380 11 1587
2381 11 1464
2382 11 1515
2383 11 1570
2384 11 1561
2385 11 1427
2386 11 1475
2387 11 1430
2388 11 1577
2389 11 1516
2390 11 1506
2391 11 1574
2392 11 1419
2392 11 1416
2393 11 1592
2394 11 1535
2395 11 1501
2395 11 1405
2396 11 1419
2396 11 1429
2397 11 1500
2397 11 1501
2397 11 1561
2398 11 1512
2399 11 1586
2399 11 1535
2399 11 1514
