44 15 925
6 15 928
35 15 929
61 15 933
47 15 935
40 15 939
43 15 939
11 15 942
34 15 943
5 15 952
26 15 981
50 15 987
14 16 792
64 16 798
10 16 799
60 16 802
15 16 813
65 16 816
48 16 823
58 16 826
32 16 839
63 16 850
17 16 856
64 17 795
2 17 795
37 17 799
63 17 806
23 17 809
36 17 816
35 17 816
1 17 817
24 17 819
39 17 821
3 17 821
13 17 823
60 17 829
51 17 844
15 17 854
26 17 857
0 17 857
53 17 857
8 18 933
53 18 940
38 18 949
26 18 965
52 18 973
54 18 977
46 18 980
43 18 981
19 18 984
36 19 792
32 19 796
25 19 800
46 19 803
62 19 820
25 19 820
18 19 822
32 19 843
53 19 843
13 20 801
50 20 806
27 20 807
40 20 836
15 20 842
36 20 850
64 20 850
38 20 851
45 20 857
54 21 794
41 21 794
19 21 803
57 21 804
36 21 817
4 21 817
20 21 819
26 21 823
59 21 838
14 21 850
1 22 796
58 22 798
4 22 799
15 22 805
25 22 811
57 22 813
62 22 822
36 22 834
40 22 837
60 22 843
20 22 849
0 0 32
1 0 33
2 0 45
3 0 55
4 0 53
4 0 51
5 0 39
6 0 55
7 0 35
8 0 55
9 0 3
10 0 3
11 0 7
12 0 57
12 0 8
13 0 15
14 0 3
15 0 47
15 0 31
16 0 29
17 0 38
17 0 11
18 0 57
18 0 51
19 0 16
20 0 48
21 0 14
22 0 41
22 0 60
22 0 38
22 0 10
23 0 51
24 0 59
24 0 24
25 0 20
25 0 12
26 0 24
27 0 38
28 0 62
29 0 1
30 0 28
30 0 4
31 0 37
31 0 61
31 0 15
31 0 18
31 0 55
32 0 41
33 0 6
34 0 56
34 0 55
34 0 52
34 0 35
34 0 44
34 0 3
34 0 41
34 0 47
35 0 21
36 0 30
37 0 15
37 0 56
38 0 47
38 0 55
38 0 17
39 0 55
40 0 19
41 0 7
42 0 0
42 0 38
43 0 33
44 0 22
45 0 63
46 0 15
47 0 43
48 0 43
49 0 55
49 0 3
50 0 40
51 0 41
52 0 55
53 0 41
54 0 9
55 0 41
55 0 56
56 0 36
56 0 41
57 0 34
58 0 65
59 0 15
59 0 41
59 0 64
59 0 33
60 0 47
60 0 51
61 0 25
62 0 42
62 0 2
62 0 13
62 0 41
63 0 5
64 0 43
65 0 50
0 6 246
1 6 247
2 6 250
3 6 198
4 6 233
5 6 237
6 6 245
7 6 229
8 6 205
9 6 216
10 6 246
11 6 255
12 6 244
13 6 203
14 6 208
15 6 216
16 6 239
17 6 212
18 6 246
19 6 246
20 6 261
21 6 263
22 6 247
23 6 225
24 6 246
25 6 216
26 6 246
27 6 241
28 6 216
29 6 234
30 6 246
31 6 216
32 6 234
33 6 227
34 6 228
35 6 241
36 6 238
37 6 233
38 6 246
39 6 231
40 6 251
41 6 246
42 6 227
43 6 204
44 6 204
45 6 246
46 6 235
47 6 215
48 6 232
49 6 213
50 6 239
51 6 216
52 6 235
53 6 246
54 6 216
55 6 228
56 6 260
57 6 236
58 6 255
59 6 251
60 6 208
61 6 248
62 6 230
63 6 218
64 6 227
65 6 216
0 4 89
0 4 116
1 4 85
1 4 77
1 4 85
2 4 116
2 4 83
3 4 127
3 4 72
3 4 127
4 4 116
4 4 83
4 4 90
5 4 70
5 4 78
5 4 127
6 4 67
6 4 91
6 4 123
7 4 131
7 4 116
7 4 88
8 4 127
8 4 79
8 4 102
9 4 85
10 4 116
10 4 114
11 4 116
12 4 127
12 4 116
12 4 74
13 4 83
13 4 116
13 4 108
16 4 107
16 4 74
18 4 116
18 4 127
20 4 80
21 4 85
22 4 80
23 4 127
23 4 66
24 4 74
24 4 81
24 4 73
25 4 73
25 4 72
25 4 80
26 4 116
26 4 80
26 4 98
27 4 127
27 4 101
28 4 119
29 4 73
29 4 116
29 4 99
31 4 76
31 4 93
31 4 131
32 4 127
32 4 81
32 4 124
33 4 110
33 4 123
33 4 108
34 4 121
35 4 103
35 4 97
35 4 127
36 4 125
36 4 116
36 4 104
37 4 100
39 4 70
39 4 127
39 4 73
43 4 127
43 4 94
45 4 96
45 4 103
46 4 105
46 4 130
47 4 86
49 4 116
49 4 117
50 4 111
51 4 101
51 4 73
51 4 69
53 4 95
54 4 73
56 4 116
58 4 104
58 4 126
58 4 85
59 4 71
59 4 113
61 4 85
61 4 117
62 4 118
63 4 88
64 4 116
64 4 131
65 4 92
65 4 115
65 4 82
0 5 145
0 5 180
1 5 153
1 5 167
2 5 137
2 5 177
2 5 133
3 5 155
3 5 136
3 5 185
4 5 170
4 5 170
4 5 137
5 5 147
5 5 134
6 5 170
6 5 171
8 5 162
8 5 137
9 5 197
9 5 163
10 5 182
11 5 144
11 5 170
12 5 193
12 5 138
12 5 183
13 5 193
13 5 149
14 5 170
14 5 194
15 5 151
15 5 163
17 5 146
17 5 157
17 5 170
19 5 169
20 5 135
21 5 170
21 5 170
21 5 170
22 5 156
23 5 173
23 5 185
25 5 137
28 5 170
31 5 143
32 5 142
32 5 146
33 5 153
34 5 170
36 5 159
36 5 170
37 5 170
38 5 175
38 5 186
39 5 177
40 5 146
41 5 150
43 5 152
43 5 164
44 5 170
44 5 170
44 5 187
45 5 172
47 5 158
48 5 147
48 5 168
49 5 196
49 5 189
50 5 184
50 5 139
52 5 170
52 5 193
53 5 170
53 5 170
53 5 188
55 5 185
56 5 191
57 5 194
58 5 165
58 5 186
59 5 170
59 5 193
59 5 170
61 5 134
61 5 176
62 5 160
62 5 170
63 5 179
63 5 174
63 5 190
64 5 157
64 5 145
0 1 473
0 1 513
0 1 487
0 1 466
0 1 492
0 1 516
1 1 522
2 1 516
3 1 521
4 1 473
5 1 474
6 1 475
7 1 511
7 1 492
8 1 474
9 1 488
9 1 462
9 1 501
9 1 464
9 1 510
9 1 482
10 1 476
11 1 490
12 1 468
13 1 509
14 1 496
15 1 481
16 1 481
17 1 516
18 1 516
18 1 514
18 1 495
18 1 516
18 1 472
19 1 501
20 1 520
20 1 486
21 1 469
22 1 474
23 1 520
24 1 516
25 1 474
26 1 515
27 1 512
27 1 502
27 1 480
27 1 506
28 1 503
29 1 482
30 1 504
31 1 465
32 1 525
33 1 483
34 1 502
34 1 520
35 1 470
36 1 482
36 1 485
37 1 521
38 1 482
39 1 481
40 1 508
40 1 505
40 1 477
40 1 499
40 1 516
40 1 495
40 1 491
40 1 500
41 1 520
42 1 523
43 1 494
44 1 482
44 1 514
44 1 516
45 1 520
46 1 524
47 1 484
48 1 516
49 1 516
49 1 491
49 1 493
50 1 527
51 1 502
52 1 474
53 1 471
53 1 501
53 1 501
53 1 492
53 1 507
53 1 498
53 1 518
54 1 479
55 1 467
56 1 497
57 1 517
58 1 516
58 1 520
59 1 516
60 1 520
61 1 468
61 1 504
62 1 478
63 1 463
64 1 468
65 1 489
8 8 726
51 8 726
39 8 727
57 8 728
37 8 729
52 8 730
7 8 730
53 8 731
31 8 732
28 8 733
42 8 734
14 8 735
33 8 736
45 8 736
13 8 737
38 8 738
16 8 739
44 8 740
21 8 741
38 8 742
27 8 743
11 8 743
25 8 743
4 8 743
58 8 743
23 8 744
8 8 745
19 8 746
20 8 746
1 8 747
34 8 748
65 8 749
31 8 749
45 8 749
62 8 749
32 8 750
16 8 750
3 8 751
6 8 752
8 8 753
8 8 754
18 8 755
47 8 756
8 8 756
35 8 757
46 8 758
63 8 758
12 8 758
49 8 758
10 8 759
31 8 760
22 8 761
42 8 761
8 8 761
8 8 762
51 8 763
16 8 763
44 8 764
37 8 765
53 8 766
31 8 767
1 8 768
15 8 769
17 8 770
26 8 771
38 8 771
17 8 771
64 8 771
55 8 772
45 8 773
8 8 774
48 8 775
59 8 775
43 8 775
61 8 775
5 8 775
8 8 776
31 8 777
30 8 778
1 8 779
10 8 780
52 8 781
53 8 782
56 8 783
44 8 784
38 8 785
29 8 786
8 8 787
36 8 788
54 8 789
38 8 790
41 8 791
119 16 796
125 16 803
69 16 804
113 16 807
70 16 807
67 16 810
104 16 810
81 16 832
101 16 833
116 16 835
66 16 851
68 16 851
66 6 224
67 6 239
68 6 235
69 6 242
70 6 249
71 6 215
72 6 227
73 6 212
74 6 201
75 6 208
76 6 235
77 6 262
78 6 246
79 6 248
80 6 213
81 6 235
82 6 257
83 6 261
84 6 205
85 6 210
86 6 249
87 6 218
88 6 235
89 6 211
90 6 213
91 6 211
92 6 204
93 6 237
94 6 208
95 6 256
96 6 253
97 6 259
98 6 220
99 6 235
100 6 211
101 6 202
102 6 242
103 6 235
104 6 222
105 6 251
106 6 228
107 6 235
108 6 252
109 6 229
110 6 207
111 6 235
112 6 201
113 6 235
114 6 219
115 6 214
116 6 247
117 6 212
118 6 262
119 6 203
120 6 236
121 6 208
122 6 251
123 6 261
124 6 235
125 6 236
126 6 263
127 6 235
128 6 260
129 6 235
130 6 199
131 6 223
196 16 803
139 16 805
165 16 810
169 16 810
181 16 820
135 16 821
170 16 832
134 16 832
176 16 837
158 16 845
180 16 851
132 16 854
160 16 854
132 6 302
133 6 317
134 6 273
135 6 291
136 6 299
137 6 324
138 6 292
139 6 299
140 6 284
141 6 321
142 6 301
143 6 309
144 6 317
145 6 329
146 6 317
147 6 274
148 6 297
149 6 283
150 6 265
151 6 322
152 6 267
153 6 317
154 6 329
155 6 292
156 6 293
157 6 301
158 6 269
159 6 313
160 6 289
161 6 270
162 6 314
163 6 276
164 6 308
165 6 327
166 6 266
167 6 317
168 6 280
169 6 308
170 6 293
171 6 327
172 6 292
173 6 323
174 6 319
175 6 292
176 6 277
177 6 329
178 6 271
179 6 298
180 6 287
181 6 292
182 6 306
183 6 295
184 6 300
185 6 327
186 6 327
187 6 289
188 6 286
189 6 275
190 6 290
191 6 318
192 6 269
193 6 267
194 6 268
195 6 321
196 6 301
197 6 327
247 16 803
211 16 803
244 16 814
223 16 826
240 16 829
252 16 832
241 16 840
239 16 844
237 16 848
261 16 851
198 7 267
199 7 293
200 7 310
201 7 269
202 7 294
203 7 271
204 7 325
205 7 283
206 7 278
207 7 299
208 7 267
209 7 329
210 7 272
211 7 294
212 7 292
213 7 296
214 7 264
215 7 305
216 7 291
217 7 322
218 7 267
219 7 294
220 7 290
221 7 294
222 7 272
223 7 297
224 7 290
225 7 294
226 7 325
227 7 294
228 7 294
229 7 273
230 7 311
231 7 294
232 7 321
233 7 281
234 7 295
235 7 324
236 7 290
237 7 298
238 7 306
239 7 289
240 7 302
241 7 265
242 7 267
243 7 284
244 7 300
245 7 327
246 7 294
247 7 275
248 7 270
249 7 310
250 7 316
251 7 325
252 7 294
253 7 315
254 7 322
255 7 294
256 7 310
257 7 294
258 7 304
259 7 266
260 7 270
261 7 294
262 7 279
263 7 267
264 16 793
298 16 808
314 16 825
292 16 835
319 16 836
269 16 838
326 16 839
285 16 844
286 16 853
264 7 333
265 7 331
266 7 394
267 7 379
268 7 334
269 7 340
270 7 356
271 7 349
272 7 359
273 7 344
274 7 368
275 7 386
276 7 356
277 7 378
278 7 380
279 7 349
280 7 346
281 7 384
282 7 376
283 7 346
284 7 356
285 7 356
286 7 338
287 7 347
288 7 335
289 7 332
290 7 389
291 7 368
292 7 378
293 7 356
294 7 391
295 7 395
296 7 377
297 7 374
298 7 349
299 7 368
300 7 354
301 7 349
302 7 330
303 7 378
304 7 335
305 7 349
306 7 384
307 7 367
308 7 336
309 7 343
310 7 368
311 7 376
312 7 362
313 7 349
314 7 376
315 7 350
316 7 376
317 7 376
318 7 386
319 7 356
320 7 363
321 7 356
322 7 346
323 7 365
324 7 342
325 7 376
326 7 336
327 7 349
328 7 378
329 7 350
375 16 792
349 16 794
368 16 799
331 16 812
391 16 816
385 16 817
338 16 817
371 16 817
363 16 841
364 16 843
359 16 847
342 16 851
373 16 856
400 26 794
409 26 796
411 26 796
459 26 798
454 26 802
420 26 813
442 26 813
429 26 819
461 26 829
437 26 830
412 26 832
443 26 841
456 26 846
458 26 846
449 26 847
407 26 847
446 26 849
419 26 851
433 26 853
404 15 934
443 15 935
435 15 948
427 15 962
446 15 970
433 15 973
401 15 982
396 2 35
397 2 51
398 2 22
399 2 37
400 2 18
401 2 54
402 2 0
403 2 18
404 2 0
405 2 18
406 2 65
407 2 23
408 2 36
409 2 46
410 2 53
411 2 30
412 2 0
413 2 18
414 2 59
415 2 18
416 2 43
417 2 28
418 2 7
419 2 63
420 2 13
421 2 18
422 2 0
423 2 39
424 2 38
425 2 32
426 2 33
427 2 58
428 2 2
429 2 45
430 2 4
431 2 18
432 2 0
433 2 16
434 2 8
435 2 20
436 2 6
437 2 18
438 2 18
439 2 0
440 2 41
441 2 0
442 2 52
443 2 18
444 2 21
445 2 61
446 2 59
447 2 15
448 2 18
449 2 24
450 2 19
451 2 18
452 2 0
453 2 30
454 2 57
455 2 18
456 2 42
457 2 18
458 2 18
459 2 18
460 2 40
461 2 18
409 3 0
443 3 1
448 3 2
396 3 2
459 3 3
438 3 4
449 3 5
415 3 6
446 3 7
409 3 8
422 3 9
398 3 10
409 3 11
396 3 12
458 3 12
413 3 12
449 3 12
426 3 12
414 3 12
409 3 13
417 3 14
401 3 14
459 3 15
449 3 16
428 3 17
453 3 18
398 3 18
436 3 18
452 3 19
447 3 20
439 3 21
429 3 22
420 3 23
429 3 24
420 3 25
423 3 25
441 3 26
400 3 26
450 3 27
445 3 28
407 3 29
449 3 30
442 3 30
416 3 30
449 3 30
425 3 31
436 3 32
454 3 33
418 3 33
412 3 34
429 3 35
429 3 36
440 3 37
409 3 38
410 3 39
446 3 40
431 3 41
444 3 42
399 3 43
396 3 44
408 3 45
449 3 45
409 3 45
420 3 45
420 3 45
436 3 46
429 3 47
437 3 48
458 3 49
427 3 50
410 3 51
449 3 52
434 3 53
409 3 54
433 3 54
421 3 54
440 3 55
449 3 56
458 3 57
438 3 57
456 3 57
410 3 58
421 3 59
406 3 60
424 3 61
430 3 62
423 3 63
396 3 64
397 3 65
408 10 594
433 10 595
445 10 596
454 10 597
442 10 598
427 10 599
453 10 600
440 10 601
440 10 602
410 10 603
406 10 604
411 10 605
422 10 606
440 10 607
399 10 608
448 10 609
400 10 610
418 10 611
425 10 612
442 10 613
459 10 614
454 10 615
447 10 616
435 10 617
418 10 618
456 10 619
451 10 620
433 10 621
461 10 622
452 10 623
399 10 624
455 10 625
443 10 626
433 10 627
418 10 628
416 10 629
442 10 630
418 10 631
446 10 632
442 10 633
399 10 634
417 10 635
430 10 636
433 10 637
406 10 638
402 10 639
440 10 640
442 10 641
429 10 642
405 10 643
438 10 644
458 10 645
441 10 646
422 10 647
437 10 648
415 10 649
432 10 650
428 10 651
418 10 652
421 10 653
397 10 654
399 10 655
453 10 656
433 10 657
433 10 658
409 10 659
396 11 467
397 11 498
398 11 514
399 11 509
399 11 518
399 11 518
400 11 504
401 11 492
402 11 512
403 11 521
404 11 498
405 11 512
406 11 501
407 11 501
408 11 503
409 11 501
410 11 510
411 11 492
411 11 475
411 11 518
411 11 503
411 11 480
412 11 513
413 11 518
414 11 501
415 11 501
415 11 503
416 11 501
417 11 485
418 11 518
419 11 518
420 11 495
421 11 507
422 11 518
423 11 501
424 11 476
425 11 491
426 11 518
427 11 478
428 11 497
429 11 498
429 11 518
430 11 517
431 11 489
432 11 518
433 11 523
434 11 518
435 11 471
436 11 519
437 11 483
438 11 508
439 11 502
440 11 487
441 11 467
442 11 511
442 11 472
442 11 498
443 11 518
444 11 463
445 11 467
446 11 512
447 11 526
448 11 513
449 11 496
450 11 516
451 11 500
452 11 512
453 11 477
454 11 501
455 11 465
456 11 527
456 11 468
457 11 501
458 11 524
459 11 527
459 11 501
460 11 518
461 11 470
461 11 498
461 11 522
500 16 804
462 16 804
501 16 814
473 16 815
477 16 816
508 16 818
511 16 820
514 16 828
512 16 832
484 16 833
485 16 835
524 16 835
490 16 837
479 16 857
468 12 528
467 12 529
500 12 530
462 12 531
478 12 531
519 12 531
521 12 531
505 12 532
466 12 533
463 12 534
506 12 535
468 12 535
491 12 535
466 12 535
515 12 536
466 12 537
483 12 537
516 12 537
466 12 538
466 12 539
466 12 539
466 12 540
500 12 541
468 12 542
510 12 543
468 12 544
524 12 545
468 12 546
524 12 546
468 12 546
476 12 547
491 12 548
498 12 549
471 12 550
526 12 551
483 12 552
466 12 552
466 12 553
517 12 553
520 12 554
520 12 555
495 12 555
508 12 555
468 12 555
503 12 556
513 12 557
482 12 558
468 12 558
478 12 559
527 12 560
472 12 561
491 12 562
511 12 562
481 12 563
501 12 564
480 12 565
506 12 566
466 12 567
491 12 568
463 12 569
496 12 570
464 12 571
509 12 572
466 12 573
470 12 573
468 12 573
493 12 574
491 12 575
521 12 576
466 12 577
488 12 578
504 12 579
486 12 580
522 12 580
507 12 581
463 12 581
484 12 582
521 12 583
491 12 584
487 12 584
492 12 584
477 12 584
468 12 584
473 12 584
468 12 584
468 12 584
497 12 585
468 12 585
491 12 585
490 12 585
518 12 585
491 12 585
489 12 585
486 12 585
468 12 586
468 12 586
485 12 587
468 12 588
466 12 589
524 12 590
521 12 591
491 12 592
468 12 593
548 16 797
582 16 802
542 16 817
566 16 820
543 16 828
537 16 846
546 16 848
539 16 854
528 13 536
529 13 536
530 13 570
531 13 542
532 13 545
533 13 561
534 13 561
535 13 553
536 13 536
537 13 536
538 13 566
539 13 535
540 13 590
541 13 587
542 13 556
543 13 560
544 13 536
545 13 536
546 13 534
547 13 536
548 13 531
549 13 536
550 13 555
551 13 556
552 13 584
553 13 558
554 13 536
555 13 583
556 13 562
557 13 561
558 13 552
559 13 567
560 13 536
561 13 573
562 13 589
563 13 546
564 13 576
565 13 561
566 13 590
567 13 530
568 13 580
569 13 591
570 13 536
571 13 553
572 13 560
573 13 551
574 13 568
575 13 541
576 13 577
577 13 586
578 13 536
579 13 582
580 13 536
581 13 575
582 13 547
583 13 575
584 13 533
585 13 561
586 13 572
587 13 590
588 13 579
589 13 538
590 13 588
591 13 540
592 13 550
593 13 536
655 23 793
611 23 809
603 23 834
657 23 843
651 23 847
646 23 855
610 23 855
601 24 800
614 24 815
625 24 825
616 24 825
632 24 852
598 25 793
614 25 795
654 25 816
651 25 823
594 25 825
642 25 826
652 25 832
627 25 832
647 25 833
653 25 840
629 25 851
594 13 750
595 13 778
596 13 739
597 13 736
598 13 753
599 13 739
600 13 726
601 13 788
602 13 762
603 13 787
604 13 766
605 13 727
606 13 747
607 13 751
608 13 768
609 13 773
610 13 753
611 13 753
612 13 741
613 13 776
614 13 739
615 13 759
616 13 789
617 13 753
618 13 767
619 13 765
620 13 739
621 13 761
622 13 739
623 13 739
624 13 753
625 13 753
626 13 742
627 13 786
628 13 746
629 13 746
630 13 739
631 13 731
632 13 779
633 13 753
634 13 786
635 13 752
636 13 738
637 13 756
638 13 744
639 13 760
640 13 753
641 13 739
642 13 777
643 13 746
644 13 786
645 13 790
646 13 739
647 13 739
648 13 748
649 13 769
650 13 758
651 13 753
652 13 781
653 13 771
654 13 763
655 13 780
656 13 730
657 13 745
658 13 749
659 13 766
723 23 806
689 23 839
701 23 843
661 23 850
700 24 863
672 24 863
661 24 875
710 24 893
680 24 893
690 24 897
696 24 898
675 24 900
685 24 909
693 24 911
694 24 911
660 14 756
661 14 751
662 14 748
663 14 751
664 14 779
665 14 742
666 14 748
667 14 742
668 14 755
669 14 742
670 14 785
671 14 774
672 14 755
673 14 770
674 14 726
675 14 760
676 14 742
677 14 751
678 14 768
679 14 767
680 14 755
681 14 746
682 14 755
683 14 779
684 14 766
685 14 791
686 14 748
687 14 751
688 14 742
689 14 783
690 14 726
691 14 747
692 14 777
693 14 775
694 14 788
695 14 755
696 14 728
697 14 732
698 14 751
699 14 751
700 14 779
701 14 782
702 14 726
703 14 778
704 14 772
705 14 738
706 14 761
707 14 755
708 14 736
709 14 750
710 14 755
711 14 765
712 14 773
713 14 764
714 14 726
715 14 747
716 14 755
717 14 726
718 14 752
719 14 726
720 14 748
721 14 757
722 14 755
723 14 755
724 14 729
725 14 748
660 13 732
661 13 756
662 13 770
663 13 789
664 13 758
665 13 779
666 13 742
667 13 761
668 13 782
669 13 743
670 13 752
671 13 756
672 13 756
673 13 781
674 13 777
675 13 790
676 13 733
677 13 745
678 13 780
679 13 744
680 13 749
681 13 755
682 13 753
683 13 755
684 13 783
685 13 788
686 13 736
687 13 775
688 13 747
689 13 755
690 13 748
691 13 767
692 13 726
693 13 751
694 13 740
695 13 782
696 13 783
697 13 746
698 13 777
699 13 734
700 13 786
701 13 739
702 13 774
703 13 762
704 13 766
705 13 773
706 13 761
707 13 791
708 13 777
709 13 768
710 13 762
711 13 784
712 13 752
713 13 787
714 13 732
715 13 727
716 13 756
717 13 759
718 13 735
719 13 728
720 13 741
721 13 772
722 13 730
723 13 778
724 13 769
725 13 760
773 15 935
757 15 938
748 15 940
738 15 941
726 15 951
783 15 967
780 15 971
752 15 979
728 15 984
758 21 796
786 21 800
730 21 810
791 21 811
750 21 811
764 21 822
780 21 827
784 21 839
757 21 841
754 22 793
775 22 799
758 22 805
765 22 809
768 22 819
755 22 822
756 22 824
761 22 825
752 22 826
748 22 828
753 22 835
780 22 835
729 22 838
734 22 855
726 6 313
727 6 283
728 6 287
729 6 307
730 6 296
731 6 296
732 6 304
733 6 268
734 6 264
735 6 289
736 6 315
737 6 266
738 6 304
739 6 311
740 6 309
741 6 304
742 6 299
743 6 324
744 6 301
745 6 313
746 6 301
747 6 271
748 6 270
749 6 309
750 6 321
751 6 284
752 6 320
753 6 312
754 6 277
755 6 314
756 6 316
757 6 286
758 6 328
759 6 325
760 6 276
761 6 326
762 6 320
763 6 309
764 6 328
765 6 272
766 6 320
767 6 297
768 6 309
769 6 306
770 6 291
771 6 265
772 6 323
773 6 304
774 6 322
775 6 317
776 6 324
777 6 317
778 6 298
779 6 309
780 6 293
781 6 281
782 6 303
783 6 327
784 6 318
785 6 280
786 6 302
787 6 313
788 6 273
789 6 265
790 6 310
791 6 309
726 9 0
727 9 26
728 9 29
729 9 4
730 9 53
731 9 21
732 9 2
733 9 42
734 9 62
735 9 37
736 9 22
737 9 20
738 9 59
739 9 31
740 9 60
741 9 25
742 9 31
743 9 56
744 9 18
745 9 10
746 9 23
747 9 41
748 9 34
749 9 35
750 9 39
751 9 39
752 9 37
753 9 23
754 9 21
755 9 34
756 9 15
757 9 20
758 9 25
759 9 39
760 9 5
761 9 19
762 9 45
763 9 14
764 9 39
765 9 39
766 9 20
767 9 26
768 9 62
769 9 58
770 9 39
771 9 46
772 9 64
773 9 50
774 9 26
775 9 48
776 9 11
777 9 52
778 9 8
779 9 13
780 9 47
781 9 4
782 9 48
783 9 40
784 9 12
785 9 47
786 9 24
787 9 54
788 9 39
789 9 34
790 9 65
791 9 36
788 11 462
743 11 462
786 11 462
778 11 462
788 11 462
789 11 462
780 11 463
738 11 464
745 11 465
735 11 466
755 11 467
779 11 468
742 11 469
779 11 470
755 11 470
757 11 470
779 11 471
748 11 471
778 11 472
785 11 472
774 11 473
781 11 474
755 11 475
755 11 476
789 11 477
772 11 478
755 11 479
774 11 480
755 11 481
778 11 481
767 11 481
777 11 481
755 11 481
755 11 481
791 11 481
740 11 481
752 11 481
782 11 481
771 11 482
779 11 482
741 11 482
755 11 482
739 11 482
768 11 482
737 11 482
752 11 482
755 11 482
778 11 482
749 11 482
759 11 482
761 11 482
751 11 483
777 11 484
735 11 485
774 11 486
779 11 487
755 11 487
779 11 488
750 11 489
774 11 490
779 11 490
787 11 491
773 11 492
765 11 493
769 11 493
744 11 494
786 11 495
779 11 495
775 11 496
743 11 497
732 11 498
746 11 499
790 11 500
755 11 501
754 11 502
752 11 503
731 11 503
734 11 504
783 11 505
727 11 505
779 11 505
770 11 505
778 11 505
728 11 506
755 11 507
758 11 508
778 11 508
784 11 509
758 11 510
733 11 511
782 11 512
754 11 513
784 11 514
788 11 515
771 11 516
763 11 517
753 11 518
726 11 519
760 11 520
788 11 521
776 11 521
737 11 522
766 11 522
729 11 522
778 11 523
737 11 524
747 11 525
755 11 525
774 11 525
778 11 526
764 11 527
784 11 527
